Wed Jul 12 20:56:40 PDT 2023
/home/ksheriff/.conda/envs/torch_ovito_pip/lib/python3.10/site-packages/ovito/_extensions/averaging.py:2: UserWarning: Did you accidentally install the OVITO package from the PyPI repository in an Anaconda/Miniconda Python interpreter using the 'pip' command? This will likely lead to conflicts with existing libraries in the Anaconda environment, and import of the OVITO module may fail with an error related to the Qt framework. To fix this, please uninstall the ovito pip package by running 'pip uninstall -y ovito PySide6' and then install the OVITO Anaconda package provided by OVITO GmbH. Visit https://docs.ovito.org/python/introduction/installation.html for further instructions. If you would rather like to ignore this warning message, add the following code to the top of your Python script:

  import warnings
  warnings.filterwarnings('ignore', message='.*OVITO.*PyPI')

  import ovito._extensions.pyscript
---------- Starting MC iteration --------------


Frac of accepted: 0.0001
WC target is [[ 0.34915181 -0.23881665 -0.11209747]
 [-0.237888    0.05890014  0.17991651]
 [-0.11126381  0.17991651 -0.06781904]]
Current WC is [[-0.00069792  0.0002309   0.00041319]
 [ 0.0002309   0.00065972 -0.00088715]
 [ 0.00041319 -0.00088715  0.00052431]]
Energy is 0.33481226625621985
Percent error [[100.19988917 100.09668621 100.36860283]
 [100.09706365  98.87993101 100.49309138]
 [100.37136463 100.49309138 100.77309495]]




Frac of accepted: 5e-05
WC target is [[ 0.34915181 -0.23881665 -0.11209747]
 [-0.237888    0.05890014  0.17991651]
 [-0.11126381  0.17991651 -0.06781904]]
Current WC is [[-0.00061632  0.00014063  0.00038021]
 [ 0.00014063  0.00066493 -0.00080382]
 [ 0.00038021 -0.00080382  0.00051736]]
Energy is 0.3345924428388248
Percent error [[100.17651904 100.05888409 100.33917656]
 [100.05911395  98.87108836 100.44677359]
 [100.34171787 100.44677359 100.76285528]]




Frac of accepted: 3.3333333333333335e-05
WC target is [[ 0.34915181 -0.23881665 -0.11209747]
 [-0.237888    0.05890014  0.17991651]
 [-0.11126381  0.17991651 -0.06781904]]
Current WC is [[-5.32986111e-04  5.46875000e-05  3.32465278e-04]
 [ 5.46875000e-05  6.59722222e-04 -7.10069444e-04]
 [ 3.32465278e-04 -7.10069444e-04  5.19097222e-04]]
Energy is 0.3343638833449243
Percent error [[100.15265168 100.02289937 100.29658589]
 [100.02298876  98.87993101 100.39466609]
 [100.29880809 100.39466609 100.76541519]]




Frac of accepted: 2.5e-05
WC target is [[ 0.34915181 -0.23881665 -0.11209747]
 [-0.237888    0.05890014  0.17991651]
 [-0.11126381  0.17991651 -0.06781904]]
Current WC is [[-4.40972222e-04 -1.21527778e-05  2.64756944e-04]
 [-1.21527778e-05  6.47569444e-04 -6.21527778e-04]
 [ 2.64756944e-04 -6.21527778e-04  5.31250000e-04]]
Energy is 0.33414460117685335
Percent error [[100.12629813  99.99491125 100.23618459]
 [ 99.99489139  98.90056386 100.34545345]
 [100.23795423 100.34545345 100.78333461]]




Frac of accepted: 2e-05
WC target is [[ 0.34915181 -0.23881665 -0.11209747]
 [-0.237888    0.05890014  0.17991651]
 [-0.11126381  0.17991651 -0.06781904]]
Current WC is [[-3.54166667e-04 -9.02777778e-05  2.34375000e-04]
 [-9.02777778e-05  6.33680556e-04 -5.46006944e-04]
 [ 2.34375000e-04 -5.46006944e-04  5.24305556e-04]]
Energy is 0.33394198672833303
Percent error [[100.1014363   99.96219787 100.20908144]
 [ 99.9620503   98.92414426 100.30347796]
 [100.210648   100.30347796 100.77309495]]




Frac of accepted: 1.6666666666666667e-05
WC target is [[ 0.34915181 -0.23881665 -0.11209747]
 [-0.237888    0.05890014  0.17991651]
 [-0.11126381  0.17991651 -0.06781904]]
Current WC is [[-0.00027257 -0.00017014  0.0001849 ]
 [-0.00017014  0.00062153 -0.00045139]
 [ 0.0001849  -0.00045139  0.00052431]]
Energy is 0.3337198464731432
Percent error [[100.07806617  99.92875753 100.16494202]
 [ 99.92847942  98.94477711 100.25088798]
 [100.16617787 100.25088798 100.77309495]]




Frac of accepted: 1.4285714285714285e-05
WC target is [[ 0.34915181 -0.23881665 -0.11209747]
 [-0.237888    0.05890014  0.17991651]
 [-0.11126381  0.17991651 -0.06781904]]
Current WC is [[-0.00021181 -0.00024045  0.00015538]
 [-0.00024045  0.00061458 -0.00037413]
 [ 0.00015538 -0.00037413  0.00051562]]
Energy is 0.3335410982184096
Percent error [[100.06066288  99.89931548 100.13861325]
 [ 99.89892244  98.95656731 100.20794754]
 [100.13965182 100.20794754 100.76029536]]




Frac of accepted: 1.25e-05
WC target is [[ 0.34915181 -0.23881665 -0.11209747]
 [-0.237888    0.05890014  0.17991651]
 [-0.11126381  0.17991651 -0.06781904]]
Current WC is [[-0.00013194 -0.00032031  0.0001033 ]
 [-0.00032031  0.00061458 -0.00027865]
 [ 0.0001033  -0.00027865  0.00050868]]
Energy is 0.3333161671402196
Percent error [[100.03778999  99.86587514 100.09215071]
 [ 99.86535155  98.95656731 100.15487508]
 [100.09284116 100.15487508 100.75005569]]




Frac of accepted: 1.1111111111111112e-05
WC target is [[ 0.34915181 -0.23881665 -0.11209747]
 [-0.237888    0.05890014  0.17991651]
 [-0.11126381  0.17991651 -0.06781904]]
Current WC is [[-5.90277778e-05 -3.92361111e-04  6.07638889e-05]
 [-3.92361111e-04  6.07638889e-04 -1.97048611e-04]
 [ 6.07638889e-05 -1.97048611e-04  5.08680556e-04]]
Energy is 0.3331196401345624
Percent error [[100.01690605  99.83570613 100.0542063 ]
 [ 99.83506477  98.96835751 100.10952225]
 [100.05461245 100.10952225 100.75005569]]




Frac of accepted: 1e-05
WC target is [[ 0.34915181 -0.23881665 -0.11209747]
 [-0.237888    0.05890014  0.17991651]
 [-0.11126381  0.17991651 -0.06781904]]
Current WC is [[ 1.90972222e-05 -4.73090278e-04  1.38888889e-05]
 [-4.73090278e-04  6.14583333e-04 -1.11979167e-04]
 [ 1.38888889e-05 -1.11979167e-04  5.08680556e-04]]
Energy is 0.33290522298494096
Percent error [[ 99.9945304   99.8019023  100.01239001]
 [ 99.80112899  98.95656731 100.06223952]
 [100.01248284 100.06223952 100.75005569]]




Frac of accepted: 9.090909090909091e-06
WC target is [[ 0.34915181 -0.23881665 -0.11209747]
 [-0.237888    0.05890014  0.17991651]
 [-0.11126381  0.17991651 -0.06781904]]
Current WC is [[ 9.54861111e-05 -5.58159722e-04 -2.69097222e-05]
 [-5.58159722e-04  6.35416667e-04 -4.16666667e-05]
 [-2.69097222e-05 -4.16666667e-05  5.22569444e-04]]
Energy is 0.33270158088868634
Percent error [[ 99.97265198  99.76628107  99.97599435]
 [ 99.76536869  98.92119671 100.02315889]
 [ 99.97581449 100.02315889 100.77053503]]




Frac of accepted: 8.333333333333334e-06
WC target is [[ 0.34915181 -0.23881665 -0.11209747]
 [-0.237888    0.05890014  0.17991651]
 [-0.11126381  0.17991651 -0.06781904]]
Current WC is [[ 1.68402778e-04 -6.28472222e-04 -7.03125000e-05]
 [-6.28472222e-04  6.42361111e-04  2.60416666e-05]
 [-7.03125000e-05  2.60416666e-05  5.34722222e-04]]
Energy is 0.3325165544172148
Percent error [[ 99.95176804  99.73683902  99.93727557]
 [ 99.73581172  98.90940651  99.98552569]
 [ 99.9368056   99.98552569 100.78845445]]




Frac of accepted: 0.0
WC target is [[ 0.34915181 -0.23881665 -0.11209747]
 [-0.237888    0.05890014  0.17991651]
 [-0.11126381  0.17991651 -0.06781904]]
Current WC is [[ 0.00024306 -0.00070399 -0.00011198]
 [-0.00070399  0.00063368  0.00011111]
 [-0.00011198  0.00011111  0.00053299]]
Energy is 0.3323136314768477
Percent error [[ 99.93038686  99.70521609  99.90010554]
 [ 99.70406534  98.92414426  99.93824296]
 [ 99.89935706  99.93824296 100.78589453]]




Frac of accepted: 7.142857142857143e-06
WC target is [[ 0.34915181 -0.23881665 -0.11209747]
 [-0.237888    0.05890014  0.17991651]
 [-0.11126381  0.17991651 -0.06781904]]
Current WC is [[ 0.00031771 -0.00077604 -0.00016146]
 [-0.00077604  0.00063368  0.00018229]
 [-0.00016146  0.00018229  0.00055903]]
Energy is 0.3321233643068739
Percent error [[ 99.90900568  99.67504708  99.85596612]
 [ 99.67377856  98.92414426  99.89867985]
 [ 99.85488693  99.89867985 100.82429329]]




Frac of accepted: 0.0
WC target is [[ 0.34915181 -0.23881665 -0.11209747]
 [-0.237888    0.05890014  0.17991651]
 [-0.11126381  0.17991651 -0.06781904]]
Current WC is [[ 0.00038021 -0.00084635 -0.00019792]
 [-0.00084635  0.00062847  0.00026042]
 [-0.00019792  0.00026042  0.00055903]]
Energy is 0.33194114718672296
Percent error [[ 99.89110515  99.64560504  99.82344234]
 [ 99.64422158  98.93298691  99.85525693]
 [ 99.82211946  99.85525693 100.82429329]]




Frac of accepted: 6.25e-06
WC target is [[ 0.34915181 -0.23881665 -0.11209747]
 [-0.237888    0.05890014  0.17991651]
 [-0.11126381  0.17991651 -0.06781904]]
Current WC is [[ 0.0004566  -0.00092361 -0.00024306]
 [-0.00092361  0.00062847  0.00034896]
 [-0.00024306  0.00034896  0.00055035]]
Energy is 0.33172956015298005
Percent error [[ 99.86922674  99.61325514  99.7831748 ]
 [ 99.6117454   98.93298691  99.80604429]
 [ 99.78155022  99.80604429 100.8114937 ]]




Frac of accepted: 5.882352941176471e-06
WC target is [[ 0.34915181 -0.23881665 -0.11209747]
 [-0.237888    0.05890014  0.17991651]
 [-0.11126381  0.17991651 -0.06781904]]
Current WC is [[ 0.00053125 -0.00099219 -0.00028472]
 [-0.00099219  0.00062326  0.00043142]
 [-0.00028472  0.00043142  0.00053646]]
Energy is 0.33153330484173915
Percent error [[ 99.84784556  99.58454006  99.74600477]
 [ 99.58291822  98.94182956  99.76020899]
 [ 99.74410168  99.76020899 100.79101436]]




Frac of accepted: 5.555555555555556e-06
WC target is [[ 0.34915181 -0.23881665 -0.11209747]
 [-0.237888    0.05890014  0.17991651]
 [-0.11126381  0.17991651 -0.06781904]]
Current WC is [[ 0.00059201 -0.00106424 -0.00032465]
 [-0.00106424  0.0006441   0.00050781]
 [-0.00032465  0.00050781  0.00052604]]
Energy is 0.33134607401876687
Percent error [[ 99.83044227  99.55437106  99.71038349]
 [ 99.55263144  98.90645896  99.71775102]
 [ 99.70821351  99.71775102 100.77565486]]




Frac of accepted: 5.263157894736842e-06
WC target is [[ 0.34915181 -0.23881665 -0.11209747]
 [-0.237888    0.05890014  0.17991651]
 [-0.11126381  0.17991651 -0.06781904]]
Current WC is [[ 0.00068229 -0.00113976 -0.00036198]
 [-0.00113976  0.00064757  0.00057726]
 [-0.00036198  0.00057726  0.0005191 ]]
Energy is 0.3311436752734658
Percent error [[ 99.80458596  99.52274812  99.67708533]
 [ 99.52088506  98.90056386  99.67915287]
 [ 99.67466586  99.67915287 100.76541519]]




Frac of accepted: 5e-06
WC target is [[ 0.34915181 -0.23881665 -0.11209747]
 [-0.237888    0.05890014  0.17991651]
 [-0.11126381  0.17991651 -0.06781904]]
Current WC is [[ 0.00077604 -0.00120747 -0.00041753]
 [-0.00120747  0.00064931  0.00065712]
 [-0.00041753  0.00065712  0.00051042]]
Energy is 0.330930714033302
Percent error [[ 99.77773517  99.49439652  99.62752529]
 [ 99.49242279  98.89761631  99.634765  ]
 [ 99.62473448  99.634765   100.75261561]]




Frac of accepted: 4.7619047619047615e-06
WC target is [[ 0.34915181 -0.23881665 -0.11209747]
 [-0.237888    0.05890014  0.17991651]
 [-0.11126381  0.17991651 -0.06781904]]
Current WC is [[ 0.00084722 -0.00127344 -0.00044878]
 [-0.00127344  0.00064583  0.0007309 ]
 [-0.00044878  0.0007309   0.00048958]]
Energy is 0.3307493091909191
Percent error [[ 99.75734847  99.46677189  99.59964776]
 [ 99.46469032  98.90351141  99.59375446]
 [ 99.59664808  99.59375446 100.7218966 ]]




Frac of accepted: 4.5454545454545455e-06
WC target is [[ 0.34915181 -0.23881665 -0.11209747]
 [-0.237888    0.05890014  0.17991651]
 [-0.11126381  0.17991651 -0.06781904]]
Current WC is [[ 0.00091146 -0.00134722 -0.00048524]
 [-0.00134722  0.00065104  0.00080556]
 [-0.00048524  0.00080556  0.00049132]]
Energy is 0.3305645216184639
Percent error [[ 99.73895071  99.43587592  99.56712399]
 [ 99.43367374  98.89466876  99.55226145]
 [ 99.56388061  99.55226145 100.72445652]]




Frac of accepted: 4.347826086956521e-06
WC target is [[ 0.34915181 -0.23881665 -0.11209747]
 [-0.237888    0.05890014  0.17991651]
 [-0.11126381  0.17991651 -0.06781904]]
Current WC is [[ 0.00099479 -0.00142101 -0.00052691]
 [-0.00142101  0.00064757  0.00087847]
 [-0.00052691  0.00087847  0.00049653]]
Energy is 0.3303669069281634
Percent error [[ 99.71508334  99.40497995  99.52995395]
 [ 99.40265716  98.90056386  99.51173339]
 [ 99.52643208  99.51173339 100.73213627]]




Frac of accepted: 4.166666666666667e-06
WC target is [[ 0.34915181 -0.23881665 -0.11209747]
 [-0.237888    0.05890014  0.17991651]
 [-0.11126381  0.17991651 -0.06781904]]
Current WC is [[ 0.00106597 -0.00148351 -0.00056858]
 [-0.00148351  0.00062847  0.00094965]
 [-0.00056858  0.00094965  0.00051042]]
Energy is 0.33019275797104414
Percent error [[ 99.69469664  99.37880924  99.49278392]
 [ 99.37638429  98.93298691  99.47217029]
 [ 99.48898355  99.47217029 100.75261561]]




Frac of accepted: 4e-06
WC target is [[ 0.34915181 -0.23881665 -0.11209747]
 [-0.237888    0.05890014  0.17991651]
 [-0.11126381  0.17991651 -0.06781904]]
Current WC is [[ 0.00115451 -0.00157031 -0.00061979]
 [-0.00157031  0.000625    0.00103819]
 [-0.00061979  0.00103819  0.00052431]]
Energy is 0.329965071762794
Percent error [[ 99.66933756  99.34246104  99.44709575]
 [ 99.3398942   98.93888201  99.42295765]
 [ 99.44295306  99.42295765 100.77309495]]




Frac of accepted: 3.846153846153846e-06
WC target is [[ 0.34915181 -0.23881665 -0.11209747]
 [-0.237888    0.05890014  0.17991651]
 [-0.11126381  0.17991651 -0.06781904]]
Current WC is [[ 0.00122222 -0.00164323 -0.00065451]
 [-0.00164323  0.00062326  0.00112326]
 [-0.00065451  0.00112326  0.00050347]]
Energy is 0.3297699795207547
Percent error [[ 99.64994533  99.31192855  99.41612072]
 [ 99.30924252  98.94182956  99.37567491]
 [ 99.41174595  99.37567491 100.74237594]]




Frac of accepted: 3.7037037037037037e-06
WC target is [[ 0.34915181 -0.23881665 -0.11209747]
 [-0.237888    0.05890014  0.17991651]
 [-0.11126381  0.17991651 -0.06781904]]
Current WC is [[ 0.00128125 -0.00171094 -0.00070139]
 [-0.00171094  0.00063889  0.00120312]
 [-0.00070139  0.00120312  0.00049826]]
Energy is 0.3295843611086105
Percent error [[ 99.63303928  99.28357696  99.37430444]
 [ 99.28078024  98.91530161  99.33128704]
 [ 99.36961634  99.33128704 100.73469619]]




Frac of accepted: 3.5714285714285714e-06
WC target is [[ 0.34915181 -0.23881665 -0.11209747]
 [-0.237888    0.05890014  0.17991651]
 [-0.11126381  0.17991651 -0.06781904]]
Current WC is [[ 0.00132986 -0.00177778 -0.00073351]
 [-0.00177778  0.00062847  0.00128299]
 [-0.00073351  0.00128299  0.00049826]]
Energy is 0.3294171649088023
Percent error [[ 99.61911665  99.25558884  99.34565254]
 [ 99.25268287  98.93298691  99.28689917]
 [ 99.34074977  99.28689917 100.73469619]]




Frac of accepted: 3.4482758620689654e-06
WC target is [[ 0.34915181 -0.23881665 -0.11209747]
 [-0.237888    0.05890014  0.17991651]
 [-0.11126381  0.17991651 -0.06781904]]
Current WC is [[ 0.00140625 -0.00185243 -0.00077604]
 [-0.00185243  0.00062326  0.00136892]
 [-0.00077604  0.00136892  0.00048958]]
Energy is 0.32921255636586416
Percent error [[ 99.59723824  99.22432939  99.30770813]
 [ 99.22130139  98.94182956  99.23913395]
 [ 99.30252105  99.23913395 100.7218966 ]]




Frac of accepted: 3.3333333333333333e-06
WC target is [[ 0.34915181 -0.23881665 -0.11209747]
 [-0.237888    0.05890014  0.17991651]
 [-0.11126381  0.17991651 -0.06781904]]
Current WC is [[ 0.00147569 -0.00192014 -0.00081597]
 [-0.00192014  0.00061111  0.00144444]
 [-0.00081597  0.00144444  0.00049653]]
Energy is 0.32903095010398964
Percent error [[ 99.57734877  99.19597779  99.27208684]
 [ 99.19283912  98.96246241  99.19715847]
 [ 99.26663288  99.19715847 100.73213627]]




Frac of accepted: 3.225806451612903e-06
WC target is [[ 0.34915181 -0.23881665 -0.11209747]
 [-0.237888    0.05890014  0.17991651]
 [-0.11126381  0.17991651 -0.06781904]]
Current WC is [[ 0.00153646 -0.00198177 -0.00084809]
 [-0.00198177  0.00061632  0.00151389]
 [-0.00084809  0.00151389  0.00047917]]
Energy is 0.32886363617369674
Percent error [[ 99.55994548  99.17017057  99.24343494]
 [ 99.16693115  98.95361976  99.15856032]
 [ 99.2377663   99.15856032 100.7065371 ]]




Frac of accepted: 3.125e-06
WC target is [[ 0.34915181 -0.23881665 -0.11209747]
 [-0.237888    0.05890014  0.17991651]
 [-0.11126381  0.17991651 -0.06781904]]
Current WC is [[ 0.0016059  -0.00204687 -0.00089583]
 [-0.00204687  0.00061111  0.00158854]
 [-0.00089583  0.00158854  0.00049132]]
Energy is 0.32868165881749833
Percent error [[ 99.54005601  99.14290942  99.20084428]
 [ 99.13956358  98.96246241  99.1170673 ]
 [ 99.19485652  99.1170673  100.72445652]]




Frac of accepted: 3.0303030303030305e-06
WC target is [[ 0.34915181 -0.23881665 -0.11209747]
 [-0.237888    0.05890014  0.17991651]
 [-0.11126381  0.17991651 -0.06781904]]
Current WC is [[ 0.00166493 -0.00211372 -0.00093403]
 [-0.00211372  0.00060417  0.00167187]
 [-0.00093403  0.00167187  0.00048264]]
Energy is 0.32850073506847877
Percent error [[ 99.52314996  99.1149213   99.16677175]
 [ 99.11146621  98.97425261  99.07074952]
 [ 99.1605287   99.07074952 100.71165694]]




Frac of accepted: 2.9411764705882355e-06
WC target is [[ 0.34915181 -0.23881665 -0.11209747]
 [-0.237888    0.05890014  0.17991651]
 [-0.11126381  0.17991651 -0.06781904]]
Current WC is [[ 0.0017691  -0.00219531 -0.0009809 ]
 [-0.00219531  0.00061458  0.0017474 ]
 [-0.0009809   0.0017474   0.00047396]]
Energy is 0.3282742664479362
Percent error [[ 99.49331576  99.080754    99.12495546]
 [ 99.07716552  98.95656731  99.02877403]
 [ 99.1183991   99.02877403 100.69885735]]




Frac of accepted: 2.8571428571428573e-06
WC target is [[ 0.34915181 -0.23881665 -0.11209747]
 [-0.237888    0.05890014  0.17991651]
 [-0.11126381  0.17991651 -0.06781904]]
Current WC is [[ 0.00184028 -0.0022691  -0.00102865]
 [-0.0022691   0.0006059   0.00184288]
 [-0.00102865  0.00184288  0.00046354]]
Energy is 0.328065550327519
Percent error [[ 99.47292905  99.04985802  99.0823648 ]
 [ 99.04614894  98.97130506  98.97570158]
 [ 99.07548932  98.97570158 100.68349785]]




Frac of accepted: 2.777777777777778e-06
WC target is [[ 0.34915181 -0.23881665 -0.11209747]
 [-0.237888    0.05890014  0.17991651]
 [-0.11126381  0.17991651 -0.06781904]]
Current WC is [[ 0.00190799 -0.00234201 -0.00106597]
 [-0.00234201  0.00059896  0.00193316]
 [-0.00106597  0.00193316  0.00044271]]
Energy is 0.327866834948785
Percent error [[ 99.45353682  99.01932554  99.04906664]
 [ 99.01549726  98.98309526  98.92552398]
 [ 99.04194167  98.92552398 100.65277884]]




Frac of accepted: 2.7027027027027026e-06
WC target is [[ 0.34915181 -0.23881665 -0.11209747]
 [-0.237888    0.05890014  0.17991651]
 [-0.11126381  0.17991651 -0.06781904]]
Current WC is [[ 0.00198958 -0.00240712 -0.00110677]
 [-0.00240712  0.00059722  0.002     ]
 [-0.00110677  0.002       0.00044097]]
Energy is 0.3276830609624104
Percent error [[ 99.43016669  98.99206439  99.01267099]
 [ 98.98812969  98.98604281  98.88837326]
 [ 99.00527332  98.88837326 100.65021893]]




Frac of accepted: 2.631578947368421e-06
WC target is [[ 0.34915181 -0.23881665 -0.11209747]
 [-0.237888    0.05890014  0.17991651]
 [-0.11126381  0.17991651 -0.06781904]]
Current WC is [[ 0.00207118 -0.00247917 -0.00114757]
 [-0.00247917  0.00059201  0.00207552]
 [-0.00114757  0.00207552  0.00043924]]
Energy is 0.32748701937905583
Percent error [[ 99.40679656  98.96189538  98.97627533]
 [ 98.95784291  98.99488546  98.84639777]
 [ 98.96860496  98.84639777 100.64765901]]




Frac of accepted: 2.564102564102564e-06
WC target is [[ 0.34915181 -0.23881665 -0.11209747]
 [-0.237888    0.05890014  0.17991651]
 [-0.11126381  0.17991651 -0.06781904]]
Current WC is [[ 0.00215278 -0.00254601 -0.00119358]
 [-0.00254601  0.00056771  0.00216319]
 [-0.00119358  0.00216319  0.00043229]]
Energy is 0.32728652766746863
Percent error [[ 99.38342644  98.93390726  98.93523342]
 [ 98.92974554  99.03615116  98.79766761]
 [ 98.92725554  98.79766761 100.63741934]]




Frac of accepted: 2.5e-06
WC target is [[ 0.34915181 -0.23881665 -0.11209747]
 [-0.237888    0.05890014  0.17991651]
 [-0.11126381  0.17991651 -0.06781904]]
Current WC is [[ 0.00222222 -0.0026224  -0.00122222]
 [-0.0026224   0.00058681  0.00222656]
 [-0.00122222  0.00222656  0.00042708]]
Energy is 0.32710565355426646
Percent error [[ 99.36353697  98.90192085  98.90967902]
 [ 98.89763425  99.00372811  98.76244679]
 [ 98.90150967  98.76244679 100.62973959]]




Frac of accepted: 2.4390243902439023e-06
WC target is [[ 0.34915181 -0.23881665 -0.11209747]
 [-0.237888    0.05890014  0.17991651]
 [-0.11126381  0.17991651 -0.06781904]]
Current WC is [[ 0.00230903 -0.00269618 -0.0012526 ]
 [-0.00269618  0.00057813  0.00229687]
 [-0.0012526   0.00229687  0.00041667]]
Energy is 0.3269120715216873
Percent error [[ 99.33867513  98.87102488  98.88257587]
 [ 98.86661767  99.01846586  98.72336617]
 [ 98.87420345  98.72336617 100.61438009]]




Frac of accepted: 2.3809523809523808e-06
WC target is [[ 0.34915181 -0.23881665 -0.11209747]
 [-0.237888    0.05890014  0.17991651]
 [-0.11126381  0.17991651 -0.06781904]]
Current WC is [[ 0.00237847 -0.00275087 -0.00130816]
 [-0.00275087  0.00056771  0.00237934]
 [-0.00130816  0.00237934  0.00041319]]
Energy is 0.3267299916397215
Percent error [[ 99.31878566  98.84812551  98.83301582]
 [ 98.84362891  99.03615116  98.67753086]
 [ 98.82427207  98.67753086 100.60926026]]




Frac of accepted: 2.325581395348837e-06
WC target is [[ 0.34915181 -0.23881665 -0.11209747]
 [-0.237888    0.05890014  0.17991651]
 [-0.11126381  0.17991651 -0.06781904]]
Current WC is [[ 0.00246007 -0.0028125  -0.00134722]
 [-0.0028125   0.00054861  0.00246181]
 [-0.00134722  0.00246181  0.00038715]]
Energy is 0.3265382157098865
Percent error [[ 99.29541553  98.82231829  98.79816892]
 [ 98.81772095  99.06857421  98.63169556]
 [ 98.78916407  98.63169556 100.5708615 ]]




Frac of accepted: 2.2727272727272728e-06
WC target is [[ 0.34915181 -0.23881665 -0.11209747]
 [-0.237888    0.05890014  0.17991651]
 [-0.11126381  0.17991651 -0.06781904]]
Current WC is [[ 0.00255729 -0.00290278 -0.00138542]
 [-0.00290278  0.0005625   0.0025434 ]
 [-0.00138542  0.0025434   0.00036979]]
Energy is 0.32630702497550423
Percent error [[ 99.26757027  98.78451616  98.76409639]
 [ 98.77977125  99.04499381  98.58634273]
 [ 98.75483624  98.58634273 100.54526233]]




Frac of accepted: 2.222222222222222e-06
WC target is [[ 0.34915181 -0.23881665 -0.11209747]
 [-0.237888    0.05890014  0.17991651]
 [-0.11126381  0.17991651 -0.06781904]]
Current WC is [[ 0.00263021 -0.00296962 -0.0014184 ]
 [-0.00296962  0.00054688  0.00262413]
 [-0.0014184   0.00262413  0.00035069]]
Energy is 0.32612094900345723
Percent error [[ 99.24668633  98.75652804  98.73467011]
 [ 98.75167388  99.07152176  98.54147238]
 [ 98.72518949  98.54147238 100.51710324]]




Frac of accepted: 2.1739130434782607e-06
WC target is [[ 0.34915181 -0.23881665 -0.11209747]
 [-0.237888    0.05890014  0.17991651]
 [-0.11126381  0.17991651 -0.06781904]]
Current WC is [[ 0.00270486 -0.00304253 -0.0014566 ]
 [-0.00304253  0.00054861  0.00270139]
 [-0.0014566   0.00270139  0.00034201]]
Energy is 0.32592756924723304
Percent error [[ 99.22530515  98.72599555  98.70059758]
 [ 98.7210222   99.06857421  98.49853194]
 [ 98.69086167  98.49853194 100.50430366]]




Frac of accepted: 2.1276595744680853e-06
WC target is [[ 0.34915181 -0.23881665 -0.11209747]
 [-0.237888    0.05890014  0.17991651]
 [-0.11126381  0.17991651 -0.06781904]]
Current WC is [[ 0.00278125 -0.00313628 -0.00147569]
 [-0.00313628  0.00055208  0.00277951]
 [-0.00147569  0.00277951  0.0003316 ]]
Energy is 0.3257208102935667
Percent error [[ 99.20342673  98.6867395   98.68356132]
 [ 98.6816129   99.06267911  98.45510902]
 [ 98.67369775  98.45510902 100.48894415]]




Frac of accepted: 2.0833333333333334e-06
WC target is [[ 0.34915181 -0.23881665 -0.11209747]
 [-0.237888    0.05890014  0.17991651]
 [-0.11126381  0.17991651 -0.06781904]]
Current WC is [[ 0.00284201 -0.00320226 -0.00150694]
 [-0.00320226  0.00053819  0.00286024]
 [-0.00150694  0.00286024  0.00031771]]
Energy is 0.32554542512020934
Percent error [[ 99.18602345  98.65911486  98.65568379]
 [ 98.65388042  99.08625951  98.41023867]
 [ 98.64561135  98.41023867 100.46846482]]




Frac of accepted: 2.040816326530612e-06
WC target is [[ 0.34915181 -0.23881665 -0.11209747]
 [-0.237888    0.05890014  0.17991651]
 [-0.11126381  0.17991651 -0.06781904]]
Current WC is [[ 0.00292187 -0.0032717  -0.00154514]
 [-0.0032717   0.00053125  0.00293229]
 [-0.00154514  0.00293229  0.00031597]]
Energy is 0.32535753693264924
Percent error [[ 99.16315056  98.6300363   98.62161126]
 [ 98.62468835  99.09804971  98.37019309]
 [ 98.61128353  98.37019309 100.4659049 ]]




Frac of accepted: 2e-06
WC target is [[ 0.34915181 -0.23881665 -0.11209747]
 [-0.237888    0.05890014  0.17991651]
 [-0.11126381  0.17991651 -0.06781904]]
Current WC is [[ 0.00298958 -0.00332812 -0.00157726]
 [-0.00332812  0.00051563  0.00300781]
 [-0.00157726  0.00300781  0.00028993]]
Energy is 0.32518828257689075
Percent error [[ 99.14375832  98.60640997  98.59295936]
 [ 98.60096979  99.12457766  98.3282176 ]
 [ 98.58241695  98.3282176  100.42750615]]




Frac of accepted: 1.96078431372549e-06
WC target is [[ 0.34915181 -0.23881665 -0.11209747]
 [-0.237888    0.05890014  0.17991651]
 [-0.11126381  0.17991651 -0.06781904]]
Current WC is [[ 0.00305208 -0.00339149 -0.00161545]
 [-0.00339149  0.00050694  0.00309462]
 [-0.00161545  0.00309462  0.00026563]]
Energy is 0.3250049255706337
Percent error [[ 99.1258578   98.57987579  98.55888683]
 [ 98.57433202  99.13931541  98.27996991]
 [ 98.54808913  98.27996991 100.39166731]]




Frac of accepted: 1.923076923076923e-06
WC target is [[ 0.34915181 -0.23881665 -0.11209747]
 [-0.237888    0.05890014  0.17991651]
 [-0.11126381  0.17991651 -0.06781904]]
Current WC is [[ 0.00312326 -0.00344965 -0.00166493]
 [-0.00344965  0.00049826  0.00316927]
 [-0.00166493  0.00316927  0.0002691 ]]
Energy is 0.32482792322831555
Percent error [[ 99.1054711   98.55552249  98.51474741]
 [ 98.54988365  99.15405316  98.2384769 ]
 [ 98.503619    98.2384769  100.39678714]]




Frac of accepted: 1.8867924528301887e-06
WC target is [[ 0.34915181 -0.23881665 -0.11209747]
 [-0.237888    0.05890014  0.17991651]
 [-0.11126381  0.17991651 -0.06781904]]
Current WC is [[ 0.00319618 -0.00352865 -0.00169618]
 [-0.00352865  0.00050868  0.00323785]
 [-0.00169618  0.00323785  0.0002691 ]]
Energy is 0.3246398158577696
Percent error [[ 99.08458715  98.52244563  98.48686989]
 [ 98.51667767  99.13636786  98.20036122]
 [ 98.4755326   98.20036122 100.39678714]]




Frac of accepted: 1.8518518518518519e-06
WC target is [[ 0.34915181 -0.23881665 -0.11209747]
 [-0.237888    0.05890014  0.17991651]
 [-0.11126381  0.17991651 -0.06781904]]
Current WC is [[ 0.00326562 -0.00359722 -0.00173698]
 [-0.00359722  0.00050347  0.00331944]
 [-0.00173698  0.00331944  0.00026042]]
Energy is 0.32445119535487854
Percent error [[ 99.06469768  98.49373055  98.45047423]
 [ 98.48785049  99.14521051  98.1550084 ]
 [ 98.43886424  98.1550084  100.38398756]]




Frac of accepted: 1.818181818181818e-06
WC target is [[ 0.34915181 -0.23881665 -0.11209747]
 [-0.237888    0.05890014  0.17991651]
 [-0.11126381  0.17991651 -0.06781904]]
Current WC is [[ 0.00332118 -0.00365278 -0.00177778]
 [-0.00365278  0.00049653  0.00339497]
 [-0.00177778  0.00339497  0.00025347]]
Energy is 0.32428919614009327
Percent error [[ 99.04878611  98.4704677   98.41407857]
 [ 98.46449683  99.15700071  98.11303291]
 [ 98.40219588  98.11303291 100.37374789]]




Frac of accepted: 1.7857142857142857e-06
WC target is [[ 0.34915181 -0.23881665 -0.11209747]
 [-0.237888    0.05890014  0.17991651]
 [-0.11126381  0.17991651 -0.06781904]]
Current WC is [[ 0.00339062 -0.00372309 -0.00181163]
 [-0.00372309  0.00048611  0.00347049]
 [-0.00181163  0.00347049  0.00025174]]
Energy is 0.32410795686507177
Percent error [[ 99.02889664  98.44102566  98.38387792]
 [ 98.43493986  99.17468601  98.07105742]
 [ 98.37176895  98.07105742 100.37118797]]




Frac of accepted: 1.7543859649122807e-06
WC target is [[ 0.34915181 -0.23881665 -0.11209747]
 [-0.237888    0.05890014  0.17991651]
 [-0.11126381  0.17991651 -0.06781904]]
Current WC is [[ 0.00345833 -0.00378125 -0.00184896]
 [-0.00378125  0.00047743  0.0035434 ]
 [-0.00184896  0.0035434   0.00023785]]
Energy is 0.3239378319926818
Percent error [[ 99.0095044   98.41667236  98.35057977]
 [ 98.41049149  99.18942376  98.03052936]
 [ 98.3382213   98.03052936 100.35070863]]




Frac of accepted: 1.7241379310344827e-06
WC target is [[ 0.34915181 -0.23881665 -0.11209747]
 [-0.237888    0.05890014  0.17991651]
 [-0.11126381  0.17991651 -0.06781904]]
Current WC is [[ 0.00355035 -0.00384722 -0.00189149]
 [-0.00384722  0.00047396  0.00360851]
 [-0.00189149  0.00360851  0.00023611]]
Energy is 0.3237478956398005
Percent error [[ 98.98315086  98.38904773  98.31263536]
 [ 98.38275902  99.19531886  97.9943436 ]
 [ 98.29999259  97.9943436  100.34814872]]




Frac of accepted: 1.6949152542372882e-06
WC target is [[ 0.34915181 -0.23881665 -0.11209747]
 [-0.237888    0.05890014  0.17991651]
 [-0.11126381  0.17991651 -0.06781904]]
Current WC is [[ 0.003625   -0.00391406 -0.00193837]
 [-0.00391406  0.00047049  0.00368663]
 [-0.00193837  0.00368663  0.00023611]]
Energy is 0.3235583530203722
Percent error [[ 98.96176968  98.36105962  98.27081907]
 [ 98.35466165  99.20121396  97.95092068]
 [ 98.25786299  97.95092068 100.34814872]]




Frac of accepted: 1.6666666666666667e-06
WC target is [[ 0.34915181 -0.23881665 -0.11209747]
 [-0.237888    0.05890014  0.17991651]
 [-0.11126381  0.17991651 -0.06781904]]
Current WC is [[ 0.00369271 -0.00397049 -0.00197917]
 [-0.00397049  0.00044444  0.00377691]
 [-0.00197917  0.00377691  0.00020833]]
Energy is 0.32337639802290374
Percent error [[ 98.94237744  98.33743328  98.23442341]
 [ 98.33094309  99.24542721  97.90074308]
 [ 98.22119464  97.90074308 100.30719004]]




Frac of accepted: 1.6393442622950819e-06
WC target is [[ 0.34915181 -0.23881665 -0.11209747]
 [-0.237888    0.05890014  0.17991651]
 [-0.11126381  0.17991651 -0.06781904]]
Current WC is [[ 0.00376215 -0.00405642 -0.00200781]
 [-0.00405642  0.00042882  0.00386719]
 [-0.00200781  0.00386719  0.00020313]]
Energy is 0.32317282883626136
Percent error [[ 98.92248797  98.30144857  98.20886901]
 [ 98.2948179   99.27195516  97.85056548]
 [ 98.19544877  97.85056548 100.29951029]]




Frac of accepted: 1.6129032258064516e-06
WC target is [[ 0.34915181 -0.23881665 -0.11209747]
 [-0.237888    0.05890014  0.17991651]
 [-0.11126381  0.17991651 -0.06781904]]
Current WC is [[ 0.00383507 -0.00411545 -0.00204601]
 [-0.00411545  0.00043229  0.00392969]
 [-0.00204601  0.00392969  0.00019618]]
Energy is 0.3230050440172044
Percent error [[ 98.90160403  98.27673179  98.17479648]
 [ 98.27000463  99.26606006  97.81582715]
 [ 98.16112095  97.81582715 100.28927063]]




Frac of accepted: 1.5873015873015873e-06
WC target is [[ 0.34915181 -0.23881665 -0.11209747]
 [-0.237888    0.05890014  0.17991651]
 [-0.11126381  0.17991651 -0.06781904]]
Current WC is [[ 0.00388889 -0.00418924 -0.00207118]
 [-0.00418924  0.0004184   0.00401562]
 [-0.00207118  0.00401562  0.00018229]]
Energy is 0.3228269720323965
Percent error [[ 98.88618969  98.24583582  98.15233959]
 [ 98.23898805  99.28964046  97.76806194]
 [ 98.13849579  97.76806194 100.26879129]]




Frac of accepted: 1.5625e-06
WC target is [[ 0.34915181 -0.23881665 -0.11209747]
 [-0.237888    0.05890014  0.17991651]
 [-0.11126381  0.17991651 -0.06781904]]
Current WC is [[ 0.00396354 -0.00425694 -0.00210851]
 [-0.00425694  0.00039583  0.00410156]
 [-0.00210851  0.00410156  0.0001684 ]]
Energy is 0.32263595583651206
Percent error [[ 98.86480851  98.21748422  98.11904143]
 [ 98.21052578  99.32795861  97.72029673]
 [ 98.10494814  97.72029673 100.24831195]]




Frac of accepted: 1.5384615384615385e-06
WC target is [[ 0.34915181 -0.23881665 -0.11209747]
 [-0.237888    0.05890014  0.17991651]
 [-0.11126381  0.17991651 -0.06781904]]
Current WC is [[ 0.00403299 -0.00432726 -0.00215104]
 [-0.00432726  0.00038368  0.00419271]
 [-0.00215104  0.00419271  0.00015451]]
Energy is 0.3224390007398899
Percent error [[ 98.84491904  98.18804218  98.08109702]
 [ 98.1809688   99.34859146  97.66963665]
 [ 98.06671943  97.66963665 100.22783262]]




Frac of accepted: 1.5151515151515152e-06
WC target is [[ 0.34915181 -0.23881665 -0.11209747]
 [-0.237888    0.05890014  0.17991651]
 [-0.11126381  0.17991651 -0.06781904]]
Current WC is [[ 0.00411458 -0.00439844 -0.00219097]
 [-0.00439844  0.00036285  0.00428299]
 [-0.00219097  0.00428299  0.00013542]]
Energy is 0.32223497605334234
Percent error [[ 98.82154891  98.15823665  98.04547574]
 [ 98.15104692  99.38396206  97.61945906]
 [ 98.03083125  97.61945906 100.19967353]]




Frac of accepted: 1.4925373134328358e-06
WC target is [[ 0.34915181 -0.23881665 -0.11209747]
 [-0.237888    0.05890014  0.17991651]
 [-0.11126381  0.17991651 -0.06781904]]
Current WC is [[ 0.00417361 -0.00446615 -0.00223003]
 [-0.00446615  0.00035417  0.00437934]
 [-0.00223003  0.00437934  0.0001059 ]]
Energy is 0.32204312042518035
Percent error [[ 98.80464286  98.12988506  98.01062883]
 [ 98.12258465  99.39869981  97.56590412]
 [ 97.99572325  97.56590412 100.15615494]]




Frac of accepted: 1.4705882352941177e-06
WC target is [[ 0.34915181 -0.23881665 -0.11209747]
 [-0.237888    0.05890014  0.17991651]
 [-0.11126381  0.17991651 -0.06781904]]
Current WC is [[ 4.24479167e-03 -4.53298611e-03 -2.26822917e-03]
 [-4.53298611e-03  3.54166667e-04  4.46006944e-03]
 [-2.26822917e-03  4.46006944e-03  8.33333334e-05]]
Energy is 0.32185503578634367
Percent error [[ 98.78425616  98.10189694  97.9765563 ]
 [ 98.09448728  99.39869981  97.52103377]
 [ 97.96139543  97.52103377 100.12287602]]




Frac of accepted: 1.4492753623188406e-06
WC target is [[ 0.34915181 -0.23881665 -0.11209747]
 [-0.237888    0.05890014  0.17991651]
 [-0.11126381  0.17991651 -0.06781904]]
Current WC is [[ 4.32118056e-03 -4.61111111e-03 -2.29427083e-03]
 [-4.61111111e-03  3.68055556e-04  4.53819444e-03]
 [-2.29427083e-03  4.53819444e-03  4.51388889e-05]]
Energy is 0.321656265845527
Percent error [[ 98.76237774  98.06918356  97.95332503]
 [ 98.06164619  99.37511941  97.47761085]
 [ 97.9379901   97.47761085 100.06655784]]




Frac of accepted: 1.4285714285714286e-06
WC target is [[ 0.34915181 -0.23881665 -0.11209747]
 [-0.237888    0.05890014  0.17991651]
 [-0.11126381  0.17991651 -0.06781904]]
Current WC is [[ 4.36979167e-03 -4.67447917e-03 -2.33333333e-03]
 [-4.67447917e-03  3.47222222e-04  4.61979167e-03]
 [-2.33333333e-03  4.61979167e-03  5.90277778e-05]]
Energy is 0.32149351192945685
Percent error [[ 98.74845511  98.04264937  97.91847813]
 [ 98.03500843  99.41049001  97.43225803]
 [ 97.9028821   97.43225803 100.08703718]]




Frac of accepted: 1.4084507042253521e-06
WC target is [[ 0.34915181 -0.23881665 -0.11209747]
 [-0.237888    0.05890014  0.17991651]
 [-0.11126381  0.17991651 -0.06781904]]
Current WC is [[ 4.44097222e-03 -4.73177083e-03 -2.38975694e-03]
 [-4.73177083e-03  3.24652778e-04  4.70920139e-03]
 [-2.38975694e-03  4.70920139e-03  5.90277778e-05]]
Energy is 0.32130618271257416
Percent error [[ 98.72806841  98.01865956  97.86814371]
 [ 98.01092496  99.44880815  97.38256291]
 [ 97.85217054  97.38256291 100.08703718]]




Frac of accepted: 1.388888888888889e-06
WC target is [[ 0.34915181 -0.23881665 -0.11209747]
 [-0.237888    0.05890014  0.17991651]
 [-0.11126381  0.17991651 -0.06781904]]
Current WC is [[ 4.50520833e-03 -4.78559028e-03 -2.42708333e-03]
 [-4.78559028e-03  3.17708333e-04  4.77951389e-03]
 [-2.42708333e-03  4.77951389e-03  4.34027778e-05]]
Energy is 0.32114472408523786
Percent error [[ 98.70967065  97.99612368  97.83484555]
 [ 97.9883011   99.46059835  97.34348228]
 [ 97.81862289  97.34348228 100.06399793]]




Frac of accepted: 1.3698630136986302e-06
WC target is [[ 0.34915181 -0.23881665 -0.11209747]
 [-0.237888    0.05890014  0.17991651]
 [-0.11126381  0.17991651 -0.06781904]]
Current WC is [[ 4.56250000e-03 -4.86458333e-03 -2.45659722e-03]
 [-4.86458333e-03  3.09027778e-04  4.86284722e-03]
 [-2.45659722e-03  4.86284722e-03  4.51388889e-05]]
Energy is 0.3209614399024732
Percent error [[ 98.69326183  97.96304681  97.80851678]
 [ 97.95509512  99.4753361   97.2971645 ]
 [ 97.79209685  97.2971645  100.06655784]]




Frac of accepted: 1.3513513513513513e-06
WC target is [[ 0.34915181 -0.23881665 -0.11209747]
 [-0.237888    0.05890014  0.17991651]
 [-0.11126381  0.17991651 -0.06781904]]
Current WC is [[ 4.64062500e-03 -4.93836806e-03 -2.49826389e-03]
 [-4.93836806e-03  3.29861111e-04  4.93402778e-03]
 [-2.49826389e-03  4.93402778e-03  3.47222222e-05]]
Energy is 0.32076681684214314
Percent error [[ 98.67088618  97.93215084  97.77134674]
 [ 97.92407854  99.43996551  97.25760139]
 [ 97.75464832  97.25760139 100.05119834]]




Frac of accepted: 1.3333333333333334e-06
WC target is [[ 0.34915181 -0.23881665 -0.11209747]
 [-0.237888    0.05890014  0.17991651]
 [-0.11126381  0.17991651 -0.06781904]]
Current WC is [[ 4.70833333e-03 -4.99739583e-03 -2.54166667e-03]
 [-4.99739583e-03  3.12500000e-04  5.02170139e-03]
 [-2.54166667e-03  5.02170139e-03  1.38888889e-05]]
Energy is 0.3205839698794072
Percent error [[ 98.65149395  97.90743407  97.73262796]
 [ 97.89926527  99.469441    97.20887123]
 [ 97.71563943  97.20887123 100.02047934]]




Frac of accepted: 1.3157894736842106e-06
WC target is [[ 0.34915181 -0.23881665 -0.11209747]
 [-0.237888    0.05890014  0.17991651]
 [-0.11126381  0.17991651 -0.06781904]]
Current WC is [[ 4.78472222e-03 -5.06944444e-03 -2.59635417e-03]
 [-5.06944444e-03  3.03819444e-04  5.10850694e-03]
 [-2.59635417e-03  5.10850694e-03  2.60416667e-05]]
Energy is 0.3203821968181004
Percent error [[ 98.62961553  97.87726506  97.68384229]
 [ 97.8689785   99.48417875  97.16062354]
 [ 97.66648823  97.16062354 100.03839876]]




Frac of accepted: 1.2987012987012986e-06
WC target is [[ 0.34915181 -0.23881665 -0.11209747]
 [-0.237888    0.05890014  0.17991651]
 [-0.11126381  0.17991651 -0.06781904]]
Current WC is [[ 4.86979167e-03 -5.15104167e-03 -2.63541667e-03]
 [-5.15104167e-03  3.02083333e-04  5.18750000e-03]
 [-2.63541667e-03  5.18750000e-03  2.60416667e-05]]
Energy is 0.320175426298971
Percent error [[ 98.60525093  97.84309775  97.64899538]
 [ 97.83467781  99.4871263   97.11671814]
 [ 97.63138022  97.11671814 100.03839876]]




Frac of accepted: 1.282051282051282e-06
WC target is [[ 0.34915181 -0.23881665 -0.11209747]
 [-0.237888    0.05890014  0.17991651]
 [-0.11126381  0.17991651 -0.06781904]]
Current WC is [[ 4.92881944e-03 -5.21440972e-03 -2.67534722e-03]
 [-5.21440972e-03  2.84722222e-04  5.27343750e-03]
 [-2.67534722e-03  5.27343750e-03  1.90972223e-05]]
Energy is 0.31999931399104
Percent error [[ 98.58834488  97.81656356  97.6133741 ]
 [ 97.80804004  99.5166018   97.06895293]
 [ 97.59549205  97.06895293 100.02815909]]




Frac of accepted: 1.2658227848101265e-06
WC target is [[ 0.34915181 -0.23881665 -0.11209747]
 [-0.237888    0.05890014  0.17991651]
 [-0.11126381  0.17991651 -0.06781904]]
Current WC is [[ 4.98958333e-03 -5.29253472e-03 -2.71961806e-03]
 [-5.29253472e-03  2.70833333e-04  5.37326389e-03]
 [-2.71961806e-03  5.37326389e-03  1.73611111e-05]]
Energy is 0.31979701937128435
Percent error [[ 98.57094159  97.78385018  97.57388094]
 [ 97.77519895  99.5401822   97.01346809]
 [ 97.55570298  97.01346809 100.02559917]]




Frac of accepted: 1.25e-06
WC target is [[ 0.34915181 -0.23881665 -0.11209747]
 [-0.237888    0.05890014  0.17991651]
 [-0.11126381  0.17991651 -0.06781904]]
Current WC is [[ 5.05208333e-03 -5.37239583e-03 -2.76041667e-03]
 [-5.37239583e-03  2.70833333e-04  5.46527778e-03]
 [-2.76041667e-03  5.46527778e-03  1.21527778e-05]]
Energy is 0.3195968563156618
Percent error [[ 98.55304107  97.75040984  97.53748528]
 [ 97.74162807  99.5401822   96.96232554]
 [ 97.51903462  96.96232554 100.01791942]]




Frac of accepted: 1.234567901234568e-06
WC target is [[ 0.34915181 -0.23881665 -0.11209747]
 [-0.237888    0.05890014  0.17991651]
 [-0.11126381  0.17991651 -0.06781904]]
Current WC is [[ 5.13541667e-03 -5.46527778e-03 -2.79600694e-03]
