Wed Jul 12 20:07:06 PDT 2023
/home/ksheriff/.conda/envs/torch_ovito_pip/lib/python3.10/site-packages/ovito/_extensions/averaging.py:2: UserWarning: Did you accidentally install the OVITO package from the PyPI repository in an Anaconda/Miniconda Python interpreter using the 'pip' command? This will likely lead to conflicts with existing libraries in the Anaconda environment, and import of the OVITO module may fail with an error related to the Qt framework. To fix this, please uninstall the ovito pip package by running 'pip uninstall -y ovito PySide6' and then install the OVITO Anaconda package provided by OVITO GmbH. Visit https://docs.ovito.org/python/introduction/installation.html for further instructions. If you would rather like to ignore this warning message, add the following code to the top of your Python script:

  import warnings
  warnings.filterwarnings('ignore', message='.*OVITO.*PyPI')

  import ovito._extensions.pyscript
---------- Starting MC iteration --------------


Frac of accepted: 0.0
WC target is [[ 0.34915181 -0.23881665 -0.11209747]
 [-0.237888    0.05890014  0.17991651]
 [-0.11126381  0.17991651 -0.06781904]]
Current WC is [[-0.00076736  0.00030469  0.00046267]
 [ 0.00030469  0.00064931 -0.0009566 ]
 [ 0.00046267 -0.0009566   0.00049653]]
Energy is 0.3350011277841513
Percent error [[100.21977864 100.12758219 100.41274225]
 [100.12808023  98.89761631 100.53168953]
 [100.41583476 100.53168953 100.73213627]]




Frac of accepted: 0.0005
WC target is [[ 0.34915181 -0.23881665 -0.11209747]
 [-0.237888    0.05890014  0.17991651]
 [-0.11126381  0.17991651 -0.06781904]]
Current WC is [[-0.00076042  0.00029514  0.00046181]
 [ 0.00029514  0.00064931 -0.00094878]
 [ 0.00046181 -0.00094878  0.00049479]]
Energy is 0.3349808739029672
Percent error [[100.21778969 100.12358388 100.41196787]
 [100.12406632  98.89761631 100.52734723]
 [100.41505459 100.52734723 100.72957636]]




Frac of accepted: 0.0003333333333333333
WC target is [[ 0.34915181 -0.23881665 -0.11209747]
 [-0.237888    0.05890014  0.17991651]
 [-0.11126381  0.17991651 -0.06781904]]
Current WC is [[-0.00075347  0.00028733  0.00046181]
 [ 0.00028733  0.00064931 -0.00094097]
 [ 0.00046181 -0.00094097  0.00048785]]
Energy is 0.33496195577469484
Percent error [[100.21580075 100.12031255 100.41196787]
 [100.12078221  98.89761631 100.52300494]
 [100.41505459 100.52300494 100.71933669]]




Frac of accepted: 0.00025
WC target is [[ 0.34915181 -0.23881665 -0.11209747]
 [-0.237888    0.05890014  0.17991651]
 [-0.11126381  0.17991651 -0.06781904]]
Current WC is [[-0.00075174  0.00027865  0.00045573]
 [ 0.00027865  0.00064931 -0.00092882]
 [ 0.00045573 -0.00092882  0.00049132]]
Energy is 0.33494141224769863
Percent error [[100.21530351 100.11667773 100.40654724]
 [100.1171332   98.89761631 100.51625027]
 [100.40959334 100.51625027 100.72445652]]




Frac of accepted: 0.0002
WC target is [[ 0.34915181 -0.23881665 -0.11209747]
 [-0.237888    0.05890014  0.17991651]
 [-0.11126381  0.17991651 -0.06781904]]
Current WC is [[-0.00074653  0.00026997  0.00045226]
 [ 0.00026997  0.00065278 -0.00092188]
 [ 0.00045226 -0.00092188  0.00049306]]
Energy is 0.33492273367312353
Percent error [[100.2138118  100.11304291 100.40344974]
 [100.11348419  98.89172121 100.51239045]
 [100.40647263 100.51239045 100.72701644]]




Frac of accepted: 0.00016666666666666666
WC target is [[ 0.34915181 -0.23881665 -0.11209747]
 [-0.237888    0.05890014  0.17991651]
 [-0.11126381  0.17991651 -0.06781904]]
Current WC is [[-0.00073264  0.00026302  0.00044618]
 [ 0.00026302  0.00064583 -0.00091319]
 [ 0.00044618 -0.00091319  0.00049479]]
Energy is 0.33489842806605147
Percent error [[100.20983391 100.11013505 100.39802911]
 [100.11056499  98.90351141 100.50756568]
 [100.40101138 100.50756568 100.72957636]]




Frac of accepted: 0.00014285714285714287
WC target is [[ 0.34915181 -0.23881665 -0.11209747]
 [-0.237888    0.05890014  0.17991651]
 [-0.11126381  0.17991651 -0.06781904]]
Current WC is [[-0.00072743  0.0002526   0.00044358]
 [ 0.0002526   0.00064583 -0.00090451]
 [ 0.00044358 -0.00090451  0.00049826]]
Energy is 0.33487786915555345
Percent error [[100.2083422  100.10577327 100.39570598]
 [100.10618617  98.90351141 100.50274091]
 [100.39867085 100.50274091 100.73469619]]




Frac of accepted: 0.000125
WC target is [[ 0.34915181 -0.23881665 -0.11209747]
 [-0.237888    0.05890014  0.17991651]
 [-0.11126381  0.17991651 -0.06781904]]
Current WC is [[-0.00071701  0.00024392  0.00043924]
 [ 0.00024392  0.00064583 -0.00089583]
 [ 0.00043924 -0.00089583  0.00049653]]
Energy is 0.3348538332403842
Percent error [[100.20535878 100.10213844 100.3918341 ]
 [100.10253716  98.90351141 100.49791614]
 [100.39476996 100.49791614 100.73213627]]




Frac of accepted: 0.00011111111111111112
WC target is [[ 0.34915181 -0.23881665 -0.11209747]
 [-0.237888    0.05890014  0.17991651]
 [-0.11126381  0.17991651 -0.06781904]]
Current WC is [[-0.00071354  0.00023003  0.0004349 ]
 [ 0.00023003  0.00065104 -0.00088368]
 [ 0.0004349  -0.00088368  0.0005    ]]
Energy is 0.33482728060227346
Percent error [[100.2043643  100.09632273 100.38796222]
 [100.09669875  98.89466876 100.49116147]
 [100.39086907 100.49116147 100.73725611]]




Frac of accepted: 0.0001
WC target is [[ 0.34915181 -0.23881665 -0.11209747]
 [-0.237888    0.05890014  0.17991651]
 [-0.11126381  0.17991651 -0.06781904]]
Current WC is [[-0.00070313  0.00022135  0.00043229]
 [ 0.00022135  0.00065278 -0.000875  ]
 [ 0.00043229 -0.000875    0.00049306]]
Energy is 0.3348031113219342
Percent error [[100.20138088 100.09268791 100.3856391 ]
 [100.09304974  98.89172121 100.4863367 ]
 [100.38852854 100.4863367  100.72701644]]




Frac of accepted: 9.09090909090909e-05
WC target is [[ 0.34915181 -0.23881665 -0.11209747]
 [-0.237888    0.05890014  0.17991651]
 [-0.11126381  0.17991651 -0.06781904]]
Current WC is [[-0.00069965  0.00021528  0.00042448]
 [ 0.00021528  0.00065625 -0.00086458]
 [ 0.00042448 -0.00086458  0.00049306]]
Energy is 0.3347834425408223
Percent error [[100.20038641 100.09014354 100.37866972]
 [100.09049543  98.88582611 100.48054698]
 [100.38150694 100.48054698 100.72701644]]




Frac of accepted: 8.333333333333333e-05
WC target is [[ 0.34915181 -0.23881665 -0.11209747]
 [-0.237888    0.05890014  0.17991651]
 [-0.11126381  0.17991651 -0.06781904]]
Current WC is [[-0.00069444  0.00020747  0.00042188]
 [ 0.00020747  0.00065799 -0.00085938]
 [ 0.00042188 -0.00085938  0.00049653]]
Energy is 0.3347676813686597
Percent error [[100.1988947  100.0868722  100.37634659]
 [100.08721133  98.88287856 100.47765211]
 [100.37916641 100.47765211 100.73213627]]




Frac of accepted: 7.692307692307693e-05
WC target is [[ 0.34915181 -0.23881665 -0.11209747]
 [-0.237888    0.05890014  0.17991651]
 [-0.11126381  0.17991651 -0.06781904]]
Current WC is [[-0.00068403  0.00020052  0.00041233]
 [ 0.00020052  0.00065451 -0.00084809]
 [ 0.00041233 -0.00084809  0.0005    ]]
Energy is 0.3347422040675605
Percent error [[100.19591128 100.08396434 100.36782846]
 [100.08429212  98.88877366 100.47137992]
 [100.37058445 100.47137992 100.73725611]]




Frac of accepted: 7.142857142857143e-05
WC target is [[ 0.34915181 -0.23881665 -0.11209747]
 [-0.237888    0.05890014  0.17991651]
 [-0.11126381  0.17991651 -0.06781904]]
Current WC is [[-0.00067882  0.00019531  0.00040972]
 [ 0.00019531  0.00064757 -0.00083767]
 [ 0.00040972 -0.00083767  0.00049653]]
Energy is 0.33472522550151335
Percent error [[100.19441957 100.08178345 100.36550533]
 [100.08210271  98.90056386 100.46559019]
 [100.36824392 100.46559019 100.73213627]]




Frac of accepted: 6.666666666666667e-05
WC target is [[ 0.34915181 -0.23881665 -0.11209747]
 [-0.237888    0.05890014  0.17991651]
 [-0.11126381  0.17991651 -0.06781904]]
Current WC is [[-0.00067535  0.00018837  0.00040625]
 [ 0.00018837  0.00065278 -0.00083073]
 [ 0.00040625 -0.00083073  0.00049479]]
Energy is 0.33470874829357455
Percent error [[100.19342509 100.0788756  100.36240783]
 [100.0791835   98.89172121 100.46173038]
 [100.36512321 100.46173038 100.72957636]]




Frac of accepted: 6.25e-05
WC target is [[ 0.34915181 -0.23881665 -0.11209747]
 [-0.237888    0.05890014  0.17991651]
 [-0.11126381  0.17991651 -0.06781904]]
Current WC is [[-0.00066667  0.00018056  0.00040365]
 [ 0.00018056  0.0006441  -0.00082205]
 [ 0.00040365 -0.00082205  0.00049826]]
Energy is 0.3346892630809104
Percent error [[100.19093891 100.07560426 100.3600847 ]
 [100.0758994   98.90645896 100.45690561]
 [100.36278267 100.45690561 100.73469619]]




Frac of accepted: 5.882352941176471e-05
WC target is [[ 0.34915181 -0.23881665 -0.11209747]
 [-0.237888    0.05890014  0.17991651]
 [-0.11126381  0.17991651 -0.06781904]]
Current WC is [[-0.00065799  0.0001684   0.00040104]
 [ 0.0001684   0.00064757 -0.00081163]
 [ 0.00040104 -0.00081163  0.00049479]]
Energy is 0.33466201782113275
Percent error [[100.18845273 100.07051551 100.35776157]
 [100.07079078  98.90056386 100.45111589]
 [100.36044214 100.45111589 100.72957636]]




Frac of accepted: 5.555555555555556e-05
WC target is [[ 0.34915181 -0.23881665 -0.11209747]
 [-0.237888    0.05890014  0.17991651]
 [-0.11126381  0.17991651 -0.06781904]]
Current WC is [[-0.00065104  0.00016406  0.0003941 ]
 [ 0.00016406  0.00064583 -0.00080816]
 [ 0.0003941  -0.00080816  0.00050521]]
Energy is 0.33464902066239616
Percent error [[100.18646378 100.0686981  100.35156657]
 [100.06896628  98.90351141 100.44918598]
 [100.35420072 100.44918598 100.74493586]]




Frac of accepted: 5.2631578947368424e-05
WC target is [[ 0.34915181 -0.23881665 -0.11209747]
 [-0.237888    0.05890014  0.17991651]
 [-0.11126381  0.17991651 -0.06781904]]
Current WC is [[-0.0006441   0.00015278  0.00039063]
 [ 0.00015278  0.00065278 -0.00080122]
 [ 0.00039063 -0.00080122  0.00050694]]
Energy is 0.334626247825582
Percent error [[100.18447483 100.06397283 100.34846906]
 [100.06422257  98.89172121 100.44532616]
 [100.35108001 100.44532616 100.74749578]]




Frac of accepted: 5e-05
WC target is [[ 0.34915181 -0.23881665 -0.11209747]
 [-0.237888    0.05890014  0.17991651]
 [-0.11126381  0.17991651 -0.06781904]]
Current WC is [[-0.00063889  0.00014583  0.00038628]
 [ 0.00014583  0.00066146 -0.0007934 ]
 [ 0.00038628 -0.0007934   0.0005    ]]
Energy is 0.3346064260619048
Percent error [[100.18298312 100.06106498 100.34459719]
 [100.06130336  98.87698346 100.44098387]
 [100.34717912 100.44098387 100.73725611]]




Frac of accepted: 4.761904761904762e-05
WC target is [[ 0.34915181 -0.23881665 -0.11209747]
 [-0.237888    0.05890014  0.17991651]
 [-0.11126381  0.17991651 -0.06781904]]
Current WC is [[-0.00062674  0.00013976  0.00038021]
 [ 0.00013976  0.00066146 -0.00078819]
 [ 0.00038021 -0.00078819  0.00050174]]
Energy is 0.334585876307207
Percent error [[100.17950247 100.0585206  100.33917656]
 [100.05874905  98.87698346 100.43808901]
 [100.34171787 100.43808901 100.73981602]]




Frac of accepted: 4.545454545454545e-05
WC target is [[ 0.34915181 -0.23881665 -0.11209747]
 [-0.237888    0.05890014  0.17991651]
 [-0.11126381  0.17991651 -0.06781904]]
Current WC is [[-0.00061806  0.00013194  0.00037674]
 [ 0.00013194  0.00065625 -0.00077865]
 [ 0.00037674 -0.00077865  0.00050174]]
Energy is 0.3345644996530153
Percent error [[100.17701628 100.05524927 100.33607905]
 [100.05546494  98.88582611 100.43278176]
 [100.33859716 100.43278176 100.73981602]]




Frac of accepted: 4.347826086956522e-05
WC target is [[ 0.34915181 -0.23881665 -0.11209747]
 [-0.237888    0.05890014  0.17991651]
 [-0.11126381  0.17991651 -0.06781904]]
Current WC is [[-0.00060069  0.00011632  0.0003776 ]
 [ 0.00011632  0.00064931 -0.00076823]
 [ 0.0003776  -0.00076823  0.0005    ]]
Energy is 0.3345308825000007
Percent error [[100.17204391 100.04870659 100.33685343]
 [100.04889673  98.89761631 100.42699204]
 [100.33937734 100.42699204 100.73725611]]




Frac of accepted: 4.1666666666666665e-05
WC target is [[ 0.34915181 -0.23881665 -0.11209747]
 [-0.237888    0.05890014  0.17991651]
 [-0.11126381  0.17991651 -0.06781904]]
Current WC is [[-0.00059201  0.00011024  0.00037066]
 [ 0.00011024  0.00065278 -0.00076302]
 [ 0.00037066 -0.00076302  0.00050347]]
Energy is 0.3345122075427095
Percent error [[100.16955773 100.04616222 100.33065842]
 [100.04634242  98.89172121 100.42409718]
 [100.33313592 100.42409718 100.74237594]]




Frac of accepted: 4e-05
WC target is [[ 0.34915181 -0.23881665 -0.11209747]
 [-0.237888    0.05890014  0.17991651]
 [-0.11126381  0.17991651 -0.06781904]]
Current WC is [[-5.83333333e-04  9.89583333e-05  3.70659722e-04]
 [ 9.89583333e-05  6.54513889e-04 -7.55208333e-04]
 [ 3.70659722e-04 -7.55208333e-04  5.00000000e-04]]
Energy is 0.33448904918820216
Percent error [[100.16707155 100.04143695 100.33065842]
 [100.04159871  98.88877366 100.41975489]
 [100.33313592 100.41975489 100.73725611]]




Frac of accepted: 3.846153846153846e-05
WC target is [[ 0.34915181 -0.23881665 -0.11209747]
 [-0.237888    0.05890014  0.17991651]
 [-0.11126381  0.17991651 -0.06781904]]
Current WC is [[-5.74652778e-04  8.94097222e-05  3.68055556e-04]
 [ 8.94097222e-05  6.59722222e-04 -7.48263889e-04]
 [ 3.68055556e-04 -7.48263889e-04  4.96527778e-04]]
Energy is 0.3344666032672374
Percent error [[100.16458536 100.03743865 100.3283353 ]
 [100.0375848   98.87993101 100.41589507]
 [100.33079538 100.41589507 100.73213627]]




Frac of accepted: 3.7037037037037037e-05
WC target is [[ 0.34915181 -0.23881665 -0.11209747]
 [-0.237888    0.05890014  0.17991651]
 [-0.11126381  0.17991651 -0.06781904]]
Current WC is [[-5.65972222e-04  8.07291667e-05  3.59375000e-04]
 [ 8.07291667e-05  6.61458333e-04 -7.33506944e-04]
 [ 3.59375000e-04 -7.33506944e-04  4.91319444e-04]]
Energy is 0.3344367845789313
Percent error [[100.16209918 100.03380383 100.32059154]
 [100.03393579  98.87698346 100.40769297]
 [100.32299361 100.40769297 100.72445652]]




Frac of accepted: 3.571428571428572e-05
WC target is [[ 0.34915181 -0.23881665 -0.11209747]
 [-0.237888    0.05890014  0.17991651]
 [-0.11126381  0.17991651 -0.06781904]]
Current WC is [[-5.64236111e-04  6.94444445e-05  3.58506944e-04]
 [ 6.94444445e-05  6.71875000e-04 -7.26562500e-04]
 [ 3.58506944e-04 -7.26562500e-04  4.89583333e-04]]
Energy is 0.3344179505667142
Percent error [[100.16160194 100.02907856 100.31981716]
 [100.02919208  98.85929816 100.40383315]
 [100.32221343 100.40383315 100.7218966 ]]




Frac of accepted: 3.4482758620689657e-05
WC target is [[ 0.34915181 -0.23881665 -0.11209747]
 [-0.237888    0.05890014  0.17991651]
 [-0.11126381  0.17991651 -0.06781904]]
Current WC is [[-5.57291667e-04  6.33680556e-05  3.55034722e-04]
 [ 6.33680556e-05  6.71875000e-04 -7.18750000e-04]
 [ 3.55034722e-04 -7.18750000e-04  4.86111111e-04]]
Energy is 0.3343996231455072
Percent error [[100.159613   100.02653419 100.31671966]
 [100.02663777  98.85929816 100.39949086]
 [100.31909272 100.39949086 100.71677677]]




Frac of accepted: 3.3333333333333335e-05
WC target is [[ 0.34915181 -0.23881665 -0.11209747]
 [-0.237888    0.05890014  0.17991651]
 [-0.11126381  0.17991651 -0.06781904]]
Current WC is [[-5.48611111e-04  5.64236111e-05  3.49826389e-04]
 [ 5.64236111e-05  6.70138889e-04 -7.11805556e-04]
 [ 3.49826389e-04 -7.11805556e-04  4.89583333e-04]]
Energy is 0.33438025428653534
Percent error [[100.15712681 100.02362633 100.31207341]
 [100.02371856  98.86224571 100.39563104]
 [100.31441165 100.39563104 100.7218966 ]]




Frac of accepted: 3.2258064516129034e-05
WC target is [[ 0.34915181 -0.23881665 -0.11209747]
 [-0.237888    0.05890014  0.17991651]
 [-0.11126381  0.17991651 -0.06781904]]
Current WC is [[-5.41666667e-04  5.38194445e-05  3.45486111e-04]
 [ 5.38194445e-05  6.66666667e-04 -7.04861111e-04]
 [ 3.45486111e-04 -7.04861111e-04  4.86111111e-04]]
Energy is 0.33436588171485243
Percent error [[100.15513786 100.02253588 100.30820153]
 [100.02262386  98.86814081 100.39177123]
 [100.31051076 100.39177123 100.71677677]]




Frac of accepted: 3.125e-05
WC target is [[ 0.34915181 -0.23881665 -0.11209747]
 [-0.237888    0.05890014  0.17991651]
 [-0.11126381  0.17991651 -0.06781904]]
Current WC is [[-5.34722222e-04  4.25347222e-05  3.40277778e-04]
 [ 4.25347222e-05  6.75347222e-04 -6.95312500e-04]
 [ 3.40277778e-04 -6.95312500e-04  4.84375000e-04]]
Energy is 0.33433978331147846
Percent error [[100.15314892 100.01781062 100.30355527]
 [100.01788015  98.85340306 100.38646398]
 [100.30582969 100.38646398 100.71421685]]




Frac of accepted: 3.0303030303030302e-05
WC target is [[ 0.34915181 -0.23881665 -0.11209747]
 [-0.237888    0.05890014  0.17991651]
 [-0.11126381  0.17991651 -0.06781904]]
Current WC is [[-5.26041667e-04  3.38541667e-05  3.37673611e-04]
 [ 3.38541667e-05  6.75347222e-04 -6.90104167e-04]
 [ 3.37673611e-04 -6.90104167e-04  4.87847222e-04]]
Energy is 0.33432097976979086
Percent error [[100.15066273 100.0141758  100.30123215]
 [100.01423114  98.85340306 100.38356912]
 [100.30348916 100.38356912 100.71933669]]




Frac of accepted: 2.9411764705882354e-05
WC target is [[ 0.34915181 -0.23881665 -0.11209747]
 [-0.237888    0.05890014  0.17991651]
 [-0.11126381  0.17991651 -0.06781904]]
Current WC is [[-5.15625000e-04  2.34375000e-05  3.31597222e-04]
 [ 2.34375000e-05  6.68402778e-04 -6.73611111e-04]
 [ 3.31597222e-04 -6.73611111e-04  4.84375000e-04]]
Energy is 0.33428945969822044
Percent error [[100.14767931 100.00981401 100.29581152]
 [100.00985233  98.86519326 100.37440206]
 [100.29802792 100.37440206 100.71421685]]




Frac of accepted: 2.857142857142857e-05
WC target is [[ 0.34915181 -0.23881665 -0.11209747]
 [-0.237888    0.05890014  0.17991651]
 [-0.11126381  0.17991651 -0.06781904]]
Current WC is [[-5.05208333e-04  1.64930556e-05  3.26388889e-04]
 [ 1.64930556e-05  6.66666667e-04 -6.64930556e-04]
 [ 3.26388889e-04 -6.64930556e-04  4.82638889e-04]]
Energy is 0.33426691477733916
Percent error [[100.14469589 100.00690616 100.29116526]
 [100.00693312  98.86814081 100.36957729]
 [100.29334685 100.36957729 100.71165694]]




Frac of accepted: 2.777777777777778e-05
WC target is [[ 0.34915181 -0.23881665 -0.11209747]
 [-0.237888    0.05890014  0.17991651]
 [-0.11126381  0.17991651 -0.06781904]]
Current WC is [[-4.96527778e-04  6.07638891e-06  3.21180556e-04]
 [ 6.07638891e-06  6.70138889e-04 -6.57118056e-04]
 [ 3.21180556e-04 -6.57118056e-04  4.86111111e-04]]
Energy is 0.3342430060700452
Percent error [[100.14220971 100.00254437 100.28651901]
 [100.00255431  98.86224571 100.365235  ]
 [100.28866578 100.365235   100.71677677]]




Frac of accepted: 2.7027027027027027e-05
WC target is [[ 0.34915181 -0.23881665 -0.11209747]
 [-0.237888    0.05890014  0.17991651]
 [-0.11126381  0.17991651 -0.06781904]]
Current WC is [[-4.80902778e-04 -2.60416665e-06  3.11631944e-04]
 [-2.60416665e-06  6.70138889e-04 -6.48437500e-04]
 [ 3.11631944e-04 -6.48437500e-04  4.89583333e-04]]
Energy is 0.33421373054243203
Percent error [[100.13773458  99.99890955 100.27800088]
 [ 99.9989053   98.86224571 100.36041023]
 [100.28008383 100.36041023 100.7218966 ]]




Frac of accepted: 2.6315789473684212e-05
WC target is [[ 0.34915181 -0.23881665 -0.11209747]
 [-0.237888    0.05890014  0.17991651]
 [-0.11126381  0.17991651 -0.06781904]]
Current WC is [[-4.73958333e-04 -9.54861109e-06  3.09895833e-04]
 [-9.54861109e-06  6.70138889e-04 -6.44965278e-04]
 [ 3.09895833e-04 -6.44965278e-04  4.93055556e-04]]
Energy is 0.3341994426886604
Percent error [[100.13574563  99.9960017  100.27645212]
 [ 99.99598609  98.86224571 100.35848032]
 [100.27852347 100.35848032 100.72701644]]




Frac of accepted: 2.564102564102564e-05
WC target is [[ 0.34915181 -0.23881665 -0.11209747]
 [-0.237888    0.05890014  0.17991651]
 [-0.11126381  0.17991651 -0.06781904]]
Current WC is [[-4.60069444e-04 -1.56250000e-05  3.02083333e-04]
 [-1.56250000e-05  6.64930556e-04 -6.32812500e-04]
 [ 3.02083333e-04 -6.32812500e-04  4.87847222e-04]]
Energy is 0.3341715565267179
Percent error [[100.13176774  99.99345732 100.26948274]
 [ 99.99343178  98.87108836 100.35172565]
 [100.27150187 100.35172565 100.71933669]]




Frac of accepted: 2.5e-05
WC target is [[ 0.34915181 -0.23881665 -0.11209747]
 [-0.237888    0.05890014  0.17991651]
 [-0.11126381  0.17991651 -0.06781904]]
Current WC is [[-4.54861111e-04 -2.60416666e-05  2.95138889e-04]
 [-2.60416666e-05  6.66666667e-04 -6.18923611e-04]
 [ 2.95138889e-04 -6.18923611e-04  4.87847222e-04]]
Energy is 0.3341446414153102
Percent error [[100.13027603  99.98909554 100.26328774]
 [ 99.98905297  98.86814081 100.34400602]
 [100.26526045 100.34400602 100.71933669]]




Frac of accepted: 2.4390243902439026e-05
WC target is [[ 0.34915181 -0.23881665 -0.11209747]
 [-0.237888    0.05890014  0.17991651]
 [-0.11126381  0.17991651 -0.06781904]]
Current WC is [[-4.51388889e-04 -3.64583333e-05  2.92534722e-04]
 [-3.64583333e-05  6.70138889e-04 -6.09375000e-04]
 [ 2.92534722e-04 -6.09375000e-04  4.87847222e-04]]
Energy is 0.33412381750246833
Percent error [[100.12928155  99.98473376 100.26096461]
 [ 99.98467416  98.86224571 100.33869877]
 [100.26291992 100.33869877 100.71933669]]




Frac of accepted: 2.380952380952381e-05
WC target is [[ 0.34915181 -0.23881665 -0.11209747]
 [-0.237888    0.05890014  0.17991651]
 [-0.11126381  0.17991651 -0.06781904]]
Current WC is [[-4.40972222e-04 -4.77430555e-05  2.85590278e-04]
 [-4.77430555e-05  6.70138889e-04 -5.98090278e-04]
 [ 2.85590278e-04 -5.98090278e-04  4.91319444e-04]]
Energy is 0.334094992765082
Percent error [[100.12629813  99.98000849 100.2547696 ]
 [ 99.97993045  98.86224571 100.33242657]
 [100.25667849 100.33242657 100.72445652]]




Frac of accepted: 2.325581395348837e-05
WC target is [[ 0.34915181 -0.23881665 -0.11209747]
 [-0.237888    0.05890014  0.17991651]
 [-0.11126381  0.17991651 -0.06781904]]
Current WC is [[-4.35763889e-04 -5.20833333e-05  2.83854167e-04]
 [-5.20833333e-05  6.70138889e-04 -5.92013889e-04]
 [ 2.83854167e-04 -5.92013889e-04  4.86111111e-04]]
Energy is 0.33408133749599056
Percent error [[100.12480642  99.97819108 100.25322085]
 [ 99.97810594  98.86224571 100.32904923]
 [100.25511814 100.32904923 100.71677677]]




Frac of accepted: 2.2727272727272726e-05
WC target is [[ 0.34915181 -0.23881665 -0.11209747]
 [-0.237888    0.05890014  0.17991651]
 [-0.11126381  0.17991651 -0.06781904]]
Current WC is [[-4.34027778e-04 -5.72916666e-05  2.84722222e-04]
 [-5.72916666e-05  6.73611111e-04 -5.87673611e-04]
 [ 2.84722222e-04 -5.87673611e-04  4.80902778e-04]]
Energy is 0.3340712982476444
Percent error [[100.12430919  99.97601019 100.25399523]
 [ 99.97591654  98.85635061 100.32663685]
 [100.25589832 100.32663685 100.70909702]]




Frac of accepted: 2.2222222222222223e-05
WC target is [[ 0.34915181 -0.23881665 -0.11209747]
 [-0.237888    0.05890014  0.17991651]
 [-0.11126381  0.17991651 -0.06781904]]
Current WC is [[-4.27083333e-04 -6.51041666e-05  2.84722222e-04]
 [-6.51041666e-05  6.71875000e-04 -5.82465278e-04]
 [ 2.84722222e-04 -5.82465278e-04  4.80902778e-04]]
Energy is 0.3340554380682247
Percent error [[100.12232024  99.97273885 100.25399523]
 [ 99.97263243  98.85929816 100.32374199]
 [100.25589832 100.32374199 100.70909702]]




Frac of accepted: 2.173913043478261e-05
WC target is [[ 0.34915181 -0.23881665 -0.11209747]
 [-0.237888    0.05890014  0.17991651]
 [-0.11126381  0.17991651 -0.06781904]]
Current WC is [[-4.14930556e-04 -7.37847222e-05  2.79513889e-04]
 [-7.37847222e-05  6.73611111e-04 -5.75520833e-04]
 [ 2.79513889e-04 -5.75520833e-04  4.80902778e-04]]
Energy is 0.3340311192956881
Percent error [[100.11883958  99.96910403 100.24934897]
 [ 99.96898342  98.85635061 100.31988217]
 [100.25121725 100.31988217 100.70909702]]




Frac of accepted: 2.1276595744680852e-05
WC target is [[ 0.34915181 -0.23881665 -0.11209747]
 [-0.237888    0.05890014  0.17991651]
 [-0.11126381  0.17991651 -0.06781904]]
Current WC is [[-4.11458333e-04 -8.50694444e-05  2.76909722e-04]
 [-8.50694444e-05  6.75347222e-04 -5.63368056e-04]
 [ 2.76909722e-04 -5.63368056e-04  4.79166667e-04]]
Energy is 0.3340075572043934
Percent error [[100.11784511  99.96437876 100.24702585]
 [ 99.96423971  98.85340306 100.3131275 ]
 [100.24887672 100.3131275  100.7065371 ]]




Frac of accepted: 2.0833333333333333e-05
WC target is [[ 0.34915181 -0.23881665 -0.11209747]
 [-0.237888    0.05890014  0.17991651]
 [-0.11126381  0.17991651 -0.06781904]]
Current WC is [[-4.04513889e-04 -9.28819444e-05  2.75173611e-04]
 [-9.28819444e-05  6.77083333e-04 -5.59027778e-04]
 [ 2.75173611e-04 -5.59027778e-04  4.80902778e-04]]
Energy is 0.33399138069023354
Percent error [[100.11585616  99.96110742 100.2454771 ]
 [ 99.9609556   98.85045551 100.31071511]
 [100.24731636 100.31071511 100.70909702]]




Frac of accepted: 2.0408163265306123e-05
WC target is [[ 0.34915181 -0.23881665 -0.11209747]
 [-0.237888    0.05890014  0.17991651]
 [-0.11126381  0.17991651 -0.06781904]]
Current WC is [[-0.00039583 -0.00010156  0.0002691 ]
 [-0.00010156  0.00067535 -0.00055122]
 [ 0.0002691  -0.00055122  0.00048785]]
Energy is 0.3339698293448679
Percent error [[100.11336998  99.9574726  100.24005647]
 [ 99.95730659  98.85340306 100.30637282]
 [100.24185512 100.30637282 100.71933669]]




Frac of accepted: 2e-05
WC target is [[ 0.34915181 -0.23881665 -0.11209747]
 [-0.237888    0.05890014  0.17991651]
 [-0.11126381  0.17991651 -0.06781904]]
Current WC is [[-0.00039063 -0.00010851  0.00026563]
 [-0.00010851  0.00067882 -0.00054688]
 [ 0.00026563 -0.00054688  0.00049132]]
Energy is 0.33395495239318085
Percent error [[100.11187827  99.95456475 100.23695896]
 [ 99.95438738  98.84750796 100.30396044]
 [100.2387344  100.30396044 100.72445652]]




Frac of accepted: 1.9607843137254903e-05
WC target is [[ 0.34915181 -0.23881665 -0.11209747]
 [-0.237888    0.05890014  0.17991651]
 [-0.11126381  0.17991651 -0.06781904]]
Current WC is [[-0.00038715 -0.00011545  0.00026215]
 [-0.00011545  0.00068229 -0.00053819]
 [ 0.00026215 -0.00053819  0.00048785]]
Energy is 0.33393720784763936
Percent error [[100.11088379  99.95165689 100.23386146]
 [ 99.95146817  98.84161286 100.29913567]
 [100.23561369 100.29913567 100.71933669]]




Frac of accepted: 1.923076923076923e-05
WC target is [[ 0.34915181 -0.23881665 -0.11209747]
 [-0.237888    0.05890014  0.17991651]
 [-0.11126381  0.17991651 -0.06781904]]
Current WC is [[-0.00037674 -0.00012413  0.00025781]
 [-0.00012413  0.00068056 -0.00052778]
 [ 0.00025781 -0.00052778  0.00048438]]
Energy is 0.3339119195959524
Percent error [[100.10790037  99.94802207 100.22998958]
 [ 99.94781917  98.84456041 100.29334595]
 [100.2317128  100.29334595 100.71421685]]




Frac of accepted: 1.8867924528301888e-05
WC target is [[ 0.34915181 -0.23881665 -0.11209747]
 [-0.237888    0.05890014  0.17991651]
 [-0.11126381  0.17991651 -0.06781904]]
Current WC is [[-0.00036458 -0.00013021  0.00025   ]
 [-0.00013021  0.00067187 -0.00051997]
 [ 0.00025    -0.00051997  0.00049306]]
Energy is 0.3338906940774852
Percent error [[100.10441972  99.9454777  100.2230202 ]
 [ 99.94526486  98.85929816 100.28900365]
 [100.2246912  100.28900365 100.72701644]]




Frac of accepted: 1.8518518518518518e-05
WC target is [[ 0.34915181 -0.23881665 -0.11209747]
 [-0.237888    0.05890014  0.17991651]
 [-0.11126381  0.17991651 -0.06781904]]
Current WC is [[-0.00035417 -0.00013802  0.00024653]
 [-0.00013802  0.00067187 -0.00051563]
 [ 0.00024653 -0.00051563  0.00049653]]
Energy is 0.33387175556885307
Percent error [[100.1014363   99.94220636 100.2199227 ]
 [ 99.94198075  98.85929816 100.28659127]
 [100.22157049 100.28659127 100.73213627]]




Frac of accepted: 1.8181818181818182e-05
WC target is [[ 0.34915181 -0.23881665 -0.11209747]
 [-0.237888    0.05890014  0.17991651]
 [-0.11126381  0.17991651 -0.06781904]]
Current WC is [[-0.00034549 -0.00014844  0.00024392]
 [-0.00014844  0.00067187 -0.00050868]
 [ 0.00024392 -0.00050868  0.0005    ]]
Energy is 0.3338500590771399
Percent error [[100.09895011  99.93784458 100.21759957]
 [ 99.93760194  98.85929816 100.28273145]
 [100.21922996 100.28273145 100.73725611]]




Frac of accepted: 1.785714285714286e-05
WC target is [[ 0.34915181 -0.23881665 -0.11209747]
 [-0.237888    0.05890014  0.17991651]
 [-0.11126381  0.17991651 -0.06781904]]
Current WC is [[-0.00033507 -0.00015538  0.00024045]
 [-0.00015538  0.00067361 -0.0005026 ]
 [ 0.00024045 -0.0005026   0.00049653]]
Energy is 0.33382954496525535
Percent error [[100.09596669  99.93493672 100.21450207]
 [ 99.93468273  98.85635061 100.27935412]
 [100.21610925 100.27935412 100.73213627]]




Frac of accepted: 1.7543859649122806e-05
WC target is [[ 0.34915181 -0.23881665 -0.11209747]
 [-0.237888    0.05890014  0.17991651]
 [-0.11126381  0.17991651 -0.06781904]]
Current WC is [[-0.00032813 -0.00016406  0.00023958]
 [-0.00016406  0.00067187 -0.00049132]
 [ 0.00023958 -0.00049132  0.00048785]]
Energy is 0.3338069043953106
Percent error [[100.09397774  99.9313019  100.21372769]
 [ 99.93103372  98.85929816 100.27308192]
 [100.21532907 100.27308192 100.71933669]]




Frac of accepted: 1.7241379310344828e-05
WC target is [[ 0.34915181 -0.23881665 -0.11209747]
 [-0.237888    0.05890014  0.17991651]
 [-0.11126381  0.17991651 -0.06781904]]
Current WC is [[-0.00032118 -0.00017187  0.00023785]
 [-0.00017187  0.00067187 -0.00048351]
 [ 0.00023785 -0.00048351  0.00048438]]
Energy is 0.33378771811282476
Percent error [[100.0919888   99.92803056 100.21217894]
 [ 99.92774961  98.85929816 100.26873962]
 [100.21376871 100.26873962 100.71421685]]




Frac of accepted: 1.694915254237288e-05
WC target is [[ 0.34915181 -0.23881665 -0.11209747]
 [-0.237888    0.05890014  0.17991651]
 [-0.11126381  0.17991651 -0.06781904]]
Current WC is [[-0.00031424 -0.00017795  0.00023438]
 [-0.00017795  0.00067014 -0.00047569]
 [ 0.00023438 -0.00047569  0.00048264]]
Energy is 0.3337698485803592
Percent error [[100.08999985  99.92548619 100.20908144]
 [ 99.92519531  98.86224571 100.26439733]
 [100.210648   100.26439733 100.71165694]]




Frac of accepted: 1.6666666666666667e-05
WC target is [[ 0.34915181 -0.23881665 -0.11209747]
 [-0.237888    0.05890014  0.17991651]
 [-0.11126381  0.17991651 -0.06781904]]
Current WC is [[-0.00030208 -0.0001849   0.0002283 ]
 [-0.0001849   0.00067014 -0.00046875]
 [ 0.0002283  -0.00046875  0.00048264]]
Energy is 0.3337470080224037
Percent error [[100.08651919  99.92257833 100.20366081]
 [ 99.9222761   98.86224571 100.26053752]
 [100.20518676 100.26053752 100.71165694]]




Frac of accepted: 1.639344262295082e-05
WC target is [[ 0.34915181 -0.23881665 -0.11209747]
 [-0.237888    0.05890014  0.17991651]
 [-0.11126381  0.17991651 -0.06781904]]
Current WC is [[-0.0002934  -0.00018924  0.00022135]
 [-0.00018924  0.00066667 -0.0004566 ]
 [ 0.00022135 -0.0004566   0.00047569]]
Energy is 0.33372438525963455
Percent error [[100.08403301  99.92076092 100.1974658 ]
 [ 99.92045159  98.86814081 100.25378284]
 [100.19894534 100.25378284 100.70141727]]




Frac of accepted: 1.6129032258064517e-05
WC target is [[ 0.34915181 -0.23881665 -0.11209747]
 [-0.237888    0.05890014  0.17991651]
 [-0.11126381  0.17991651 -0.06781904]]
Current WC is [[-0.00028125 -0.00019705  0.00021615]
 [-0.00019705  0.00066493 -0.00044878]
 [ 0.00021615 -0.00044878  0.00047569]]
Energy is 0.3337006839006186
Percent error [[100.08055235  99.91748958 100.19281955]
 [ 99.91716749  98.87108836 100.24944055]
 [100.19426427 100.24944055 100.70141727]]




Frac of accepted: 1.5873015873015872e-05
WC target is [[ 0.34915181 -0.23881665 -0.11209747]
 [-0.237888    0.05890014  0.17991651]
 [-0.11126381  0.17991651 -0.06781904]]
Current WC is [[-0.00027431 -0.00020139  0.00021354]
 [-0.00020139  0.00066493 -0.00044618]
 [ 0.00021354 -0.00044618  0.00047743]]
Energy is 0.33368888887730946
Percent error [[100.07856341  99.91567217 100.19049642]
 [ 99.91534298  98.87108836 100.24799312]
 [100.19192374 100.24799312 100.70397719]]




Frac of accepted: 1.5625e-05
WC target is [[ 0.34915181 -0.23881665 -0.11209747]
 [-0.237888    0.05890014  0.17991651]
 [-0.11126381  0.17991651 -0.06781904]]
Current WC is [[-0.00026563 -0.00020573  0.00020833]
 [-0.00020573  0.00065799 -0.0004375 ]
 [ 0.00020833 -0.0004375   0.00047743]]
Energy is 0.33367090335326144
Percent error [[100.07607722  99.91385476 100.18585017]
 [ 99.91351848  98.88287856 100.24316835]
 [100.18724267 100.24316835 100.70397719]]




Frac of accepted: 1.5384615384615384e-05
WC target is [[ 0.34915181 -0.23881665 -0.11209747]
 [-0.237888    0.05890014  0.17991651]
 [-0.11126381  0.17991651 -0.06781904]]
Current WC is [[-0.00026215 -0.00021094  0.00019965]
 [-0.00021094  0.00065104 -0.00042708]
 [ 0.00019965 -0.00042708  0.00048785]]
Energy is 0.33365434802445026
Percent error [[100.07508275  99.91167387 100.17810641]
 [ 99.91132907  98.89466876 100.23737863]
 [100.17944089 100.23737863 100.71933669]]




Frac of accepted: 1.5151515151515151e-05
WC target is [[ 0.34915181 -0.23881665 -0.11209747]
 [-0.237888    0.05890014  0.17991651]
 [-0.11126381  0.17991651 -0.06781904]]
Current WC is [[-0.00025521 -0.00021701  0.00019705]
 [-0.00021701  0.00064757 -0.0004184 ]
 [ 0.00019705 -0.0004184   0.00048438]]
Energy is 0.33363621000877125
Percent error [[100.0730938   99.9091295  100.17578328]
 [ 99.90877476  98.90056386 100.23255386]
 [100.17710036 100.23255386 100.71421685]]




Frac of accepted: 1.4925373134328359e-05
WC target is [[ 0.34915181 -0.23881665 -0.11209747]
 [-0.237888    0.05890014  0.17991651]
 [-0.11126381  0.17991651 -0.06781904]]
Current WC is [[-0.00024653 -0.00022222  0.00019444]
 [-0.00022222  0.00064757 -0.00041406]
 [ 0.00019444 -0.00041406  0.00048264]]
Energy is 0.3336206495745765
Percent error [[100.07060762  99.90694861 100.17346016]
 [ 99.90658536  98.90056386 100.23014147]
 [100.17475983 100.23014147 100.71165694]]




Frac of accepted: 1.4705882352941177e-05
WC target is [[ 0.34915181 -0.23881665 -0.11209747]
 [-0.237888    0.05890014  0.17991651]
 [-0.11126381  0.17991651 -0.06781904]]
Current WC is [[-0.00023785 -0.00022917  0.00019271]
 [-0.00022917  0.00064757 -0.00040712]
 [ 0.00019271 -0.00040712  0.00047743]]
Energy is 0.3336014716389071
Percent error [[100.06812143  99.90404075 100.1719114 ]
 [ 99.90366615  98.90056386 100.22628166]
 [100.17319947 100.22628166 100.70397719]]




Frac of accepted: 1.4492753623188405e-05
WC target is [[ 0.34915181 -0.23881665 -0.11209747]
 [-0.237888    0.05890014  0.17991651]
 [-0.11126381  0.17991651 -0.06781904]]
Current WC is [[-0.0002309  -0.00024132  0.00019097]
 [-0.00024132  0.00065451 -0.00039931]
 [ 0.00019097 -0.00039931  0.00047569]]
Energy is 0.33357758588084097
Percent error [[100.06613249  99.898952   100.17036265]
 [ 99.89855754  98.88877366 100.22193937]
 [100.17163911 100.22193937 100.70141727]]




Frac of accepted: 1.4285714285714285e-05
WC target is [[ 0.34915181 -0.23881665 -0.11209747]
 [-0.237888    0.05890014  0.17991651]
 [-0.11126381  0.17991651 -0.06781904]]
Current WC is [[-0.00022569 -0.0002474   0.0001901 ]
 [-0.0002474   0.00064931 -0.00039149]
 [ 0.0001901  -0.00039149  0.00047396]]
Energy is 0.333562505590542
Percent error [[100.06464078  99.89640763 100.16958828]
 [ 99.89600323  98.89761631 100.21759707]
 [100.17085894 100.21759707 100.69885735]]




Frac of accepted: 1.4084507042253522e-05
WC target is [[ 0.34915181 -0.23881665 -0.11209747]
 [-0.237888    0.05890014  0.17991651]
 [-0.11126381  0.17991651 -0.06781904]]
Current WC is [[-0.00022049 -0.00025174  0.00018837]
 [-0.00025174  0.00064757 -0.00038542]
 [ 0.00018837 -0.00038542  0.00047049]]
Energy is 0.33354930127177584
Percent error [[100.06314907  99.89459022 100.16803953]
 [ 99.89417873  98.90056386 100.21421974]
 [100.16929858 100.21421974 100.69373752]]




Frac of accepted: 1.388888888888889e-05
WC target is [[ 0.34915181 -0.23881665 -0.11209747]
 [-0.237888    0.05890014  0.17991651]
 [-0.11126381  0.17991651 -0.06781904]]
Current WC is [[-0.00021181 -0.00026562  0.00018924]
 [-0.00026562  0.00065104 -0.0003776 ]
 [ 0.00018924 -0.0003776   0.00046875]]
Energy is 0.3335241209205994
Percent error [[100.06066288  99.8887745  100.1688139 ]
 [ 99.88834031  98.89466876 100.20987744]
 [100.17007876 100.20987744 100.6911776 ]]




Frac of accepted: 1.3698630136986302e-05
WC target is [[ 0.34915181 -0.23881665 -0.11209747]
 [-0.237888    0.05890014  0.17991651]
 [-0.11126381  0.17991651 -0.06781904]]
Current WC is [[-0.00019965 -0.00027344  0.0001849 ]
 [-0.00027344  0.00064583 -0.00036719]
 [ 0.0001849  -0.00036719  0.00046528]]
Energy is 0.3334988678987538
Percent error [[100.05718223  99.88550317 100.16494202]
 [ 99.8850562   98.90351141 100.20408772]
 [100.16617787 100.20408772 100.68605777]]




Frac of accepted: 1.3513513513513513e-05
WC target is [[ 0.34915181 -0.23881665 -0.11209747]
 [-0.237888    0.05890014  0.17991651]
 [-0.11126381  0.17991651 -0.06781904]]
Current WC is [[-0.00019444 -0.00027865  0.00017882]
 [-0.00027865  0.00064757 -0.00036111]
 [ 0.00017882 -0.00036111  0.00046875]]
Energy is 0.33348344016368553
Percent error [[100.05569052  99.88332227 100.15952139]
 [ 99.8828668   98.90056386 100.20071038]
 [100.16071663 100.20071038 100.6911776 ]]




Frac of accepted: 1.3333333333333333e-05
WC target is [[ 0.34915181 -0.23881665 -0.11209747]
 [-0.237888    0.05890014  0.17991651]
 [-0.11126381  0.17991651 -0.06781904]]
Current WC is [[-0.00018403 -0.00028646  0.00017274]
 [-0.00028646  0.00064757 -0.00035503]
 [ 0.00017274 -0.00035503  0.00047396]]
Energy is 0.3334623334967354
Percent error [[100.0527071   99.88005094 100.15410076]
 [ 99.87958269  98.90056386 100.19733305]
 [100.15525538 100.19733305 100.69885735]]




Frac of accepted: 1.3157894736842106e-05
WC target is [[ 0.34915181 -0.23881665 -0.11209747]
 [-0.237888    0.05890014  0.17991651]
 [-0.11126381  0.17991651 -0.06781904]]
Current WC is [[-0.00017188 -0.00029774  0.0001684 ]
 [-0.00029774  0.0006441  -0.00034375]
 [ 0.0001684  -0.00034375  0.00047396]]
Energy is 0.3334334227488132
Percent error [[100.04922644  99.87532567 100.15022889]
 [ 99.87483898  98.90645896 100.19106085]
 [100.15135449 100.19106085 100.69885735]]




Frac of accepted: 1.2987012987012988e-05
WC target is [[ 0.34915181 -0.23881665 -0.11209747]
 [-0.237888    0.05890014  0.17991651]
 [-0.11126381  0.17991651 -0.06781904]]
Current WC is [[-0.00016146 -0.00030122  0.00016233]
 [-0.00030122  0.00063889 -0.00033681]
 [ 0.00016233 -0.00033681  0.00047396]]
Energy is 0.3334157202396905
Percent error [[100.04624302  99.87387174 100.14480826]
 [ 99.87337937  98.91530161 100.18720103]
 [100.14589325 100.18720103 100.69885735]]




Frac of accepted: 1.282051282051282e-05
WC target is [[ 0.34915181 -0.23881665 -0.11209747]
 [-0.237888    0.05890014  0.17991651]
 [-0.11126381  0.17991651 -0.06781904]]
Current WC is [[-0.00015799 -0.00030816  0.00016233]
 [-0.00030816  0.00063715 -0.00032726]
 [ 0.00016233 -0.00032726  0.00046701]]
Energy is 0.33339905137141995
Percent error [[100.04524854  99.87096389 100.14480826]
 [ 99.87046017  98.91824916 100.18189379]
 [100.14589325 100.18189379 100.68861768]]




Frac of accepted: 1.2658227848101267e-05
WC target is [[ 0.34915181 -0.23881665 -0.11209747]
 [-0.237888    0.05890014  0.17991651]
 [-0.11126381  0.17991651 -0.06781904]]
Current WC is [[-0.00015104 -0.00032118  0.00016319]
 [-0.00032118  0.00063889 -0.00031684]
 [ 0.00016319 -0.00031684  0.00046181]]
Energy is 0.3333737669205437
Percent error [[100.0432596   99.86551166 100.14558263]
 [ 99.86498665  98.91530161 100.17610406]
 [100.14667342 100.17610406 100.68093793]]




Frac of accepted: 1.25e-05
WC target is [[ 0.34915181 -0.23881665 -0.11209747]
 [-0.237888    0.05890014  0.17991651]
 [-0.11126381  0.17991651 -0.06781904]]
Current WC is [[-0.00013715 -0.00033333  0.00015885]
 [-0.00033333  0.00064236 -0.00030816]
 [ 0.00015885 -0.00030816  0.00046007]]
Energy is 0.3333436522829388
Percent error [[100.0392817   99.86042291 100.14171075]
 [ 99.85987804  98.90940651 100.17127929]
 [100.14277254 100.17127929 100.67837802]]




Frac of accepted: 1.2345679012345678e-05
WC target is [[ 0.34915181 -0.23881665 -0.11209747]
